#chrom	strand	txStart	txEnd	exonCount	exonStarts	exonEnds	transcriptID	geneID	geneSymbol	biotype
chr1	-	11946	26929	4	11946,15988,24342,26866	13665,16090,24568,26929	ENSMUST00000164963	ENSMUSG00000054770	Kctd18	protein_coding
chr1	-	12093	26973	7	12093,15988,18746,19913,22174,24342,26866	13665,16090,18840,20106,22385,24568,26973	ENSMUST00000114410	ENSMUSG00000054770	Kctd18	protein_coding
chr1	-	12098	26369	7	12098,15988,18746,19913,22196,24342,26252	13665,16090,18840,20106,22385,24568,26369	ENSMUST00000161608	ENSMUSG00000054770	Kctd18	protein_coding
chr1	-	12917	75801	10	12917,15988,18746,19913,22196,24342,59712,69837,70444,72471	13665,16090,18840,20106,22385,24568,59766,69839,70512,75801	ENSMUST00000163061	ENSMUSG00000054770	Kctd18	protein_coding
chr1	-	13425	26893	4	13425,15988,24342,26866	13665,16090,24568,26893	ENSMUST00000159826	ENSMUSG00000054770	Kctd18	protein_coding
chr1	-	13537	20292	4	13537,15988,18746,19913	13665,16090,18840,20292	ENSMUST00000160614	ENSMUSG00000054770	Kctd18	protein_coding
chr1	-	13565	18947	3	13565,15988,18746	13665,16090,18947	ENSMUST00000163006	ENSMUSG00000054770	Kctd18	protein_coding
chr1	-	16899	26897	5	16899,19913,22174,24342,26866	18840,20106,22385,24568,26897	ENSMUST00000068000	ENSMUSG00000054770	Kctd18	protein_coding
chr1	-	18003	19826	1	18003	19826	ENSMUST00000189298	ENSMUSG00000054770	Kctd18	protein_coding
chr1	-	20411	26924	3	20411,24342,26866	22385,24568,26924	ENSMUST00000162410	ENSMUSG00000054770	Kctd18	protein_coding
chr1	-	20447	26924	2	20447,26866	24568,26924	ENSMUST00000160130	ENSMUSG00000054770	Kctd18	protein_coding
chr1	+	52816	82744	9	52816,54941,56809,58063,59739,70352,72204,76434,81629	53157,55066,56984,58140,59824,70587,74828,76587,82744	ENSMUST00000027202	ENSMUSG00000026039	Sgo2a	protein_coding
chr1	+	79561	82743	1	79561	82743	ENSMUST00000190746	ENSMUSG00000026039	Sgo2a	protein_coding
chr1	+	86776	163258	35	86776,98281,100387,103980,106208,110509,111493,113059,114259,114977,115880,116224,118041,118977,120217,122119,125115,125577,126886,130023,132909,134288,135271,138348,138857,142279,149339,151266,152000,153805,154711,159430,161164,161810,162873	86903,98338,100483,104088,106334,110570,111582,113139,114403,115069,116031,116317,118150,119161,120379,122211,125284,125691,127008,130119,133033,134421,135358,138434,139048,142506,149434,151394,152074,153857,154825,159495,161352,161977,163258	ENSMUST00000001027	ENSMUSG00000063558	Aox1	protein_coding
chr1	+	86809	127724	15	86809,98281,100387,103980,106208,110509,111493,113059,114259,114977,120217,122119,125115,125577,126886	86903,98338,100483,104088,106334,110570,111582,113139,114403,119161,120379,122211,125284,125691,127724	ENSMUST00000160168	ENSMUSG00000063558	Aox1	protein_coding
chr1	+	169975	171854	2	169975,171716	170157,171854	ENSMUST00000161549	ENSMUSG00000064294	Aox3	protein_coding
chr1	+	169981	257545	35	169981,171716,175443,176326,177823,181863,184472,195061,198196,199515,203269,204039,207140,209399,209866,210325,215046,215750,216482,220194,222682,224448,226623,227502,228587,228966,233321,234366,236164,237453,240313,243124,245182,251473,257017	170157,171773,175539,176434,177949,181924,184552,195141,198340,199607,203420,204132,207249,209583,210028,210417,215215,215864,216604,220290,222806,224581,226710,227588,228778,229195,233416,234494,236238,237505,240427,243189,245370,251640,257545	ENSMUST00000040999	ENSMUSG00000064294	Aox3	protein_coding
chr1	+	169983	178950	5	169983,171716,175443,176326,177823	170157,171773,175898,176434,178950	ENSMUST00000159014	ENSMUSG00000064294	Aox3	protein_coding
chr1	+	170031	195967	8	170031,171716,175443,176326,177823,181863,184472,195061	170157,171773,175539,176434,177949,181924,184552,195967	ENSMUST00000162011	ENSMUSG00000064294	Aox3	protein_coding
chr1	+	226469	229094	4	226469,227502,228587,228966	226710,227588,228778,229094	ENSMUST00000160815	ENSMUSG00000064294	Aox3	protein_coding
chr1	-	211826	211933	1	211826	211933	ENSMUST00000158650	ENSMUSG00000089275	Gm24548	snoRNA
chr1	+	267247	325447	35	267247,269872,274283,276837,278678,281016,284922,285704,287955,288331,290688,291969,293517,295967,297531,301910,302651,303089,304056,305698,306985,308915,310376,310759,310990,312325,314065,315892,319415,320193,320684,321192,321809,323478,324610	267478,269929,274379,276945,278804,281077,285005,285784,288099,288423,290839,292062,293629,296151,297693,302002,302820,303203,304178,305794,307109,309048,310463,310845,311181,312552,314160,316020,319489,320245,320798,321257,321994,323645,325447	ENSMUST00000040442	ENSMUSG00000038242	Aox4	protein_coding
chr1	+	267282	317232	29	267282,269872,274283,276837,278678,281016,284922,285704,287955,288331,290688,291969,293517,295967,297531,301910,302651,303089,304056,305698,306985,308915,310376,310759,310990,312325,314065,315892,316768	267478,269929,274379,276945,278804,281077,285005,285784,288099,288423,290839,292062,293629,296151,297693,302002,302820,303203,304178,305794,307109,309048,310463,310845,311181,312552,314160,316020,317232	ENSMUST00000161833	ENSMUSG00000038242	Aox4	protein_coding
chr1	+	267301	272260	3	267301,269872,271454	267478,269929,272260	ENSMUST00000159240	ENSMUSG00000038242	Aox4	protein_coding
chr1	+	268068	270212	1	268068	270212	ENSMUST00000189059	ENSMUSG00000038242	Aox4	protein_coding
chr1	+	297456	302011	2	297456,301910	297693,302011	ENSMUST00000161926	ENSMUSG00000038242	Aox4	protein_coding
chr1	-	310967	372506	6	310967,319318,332974,346259,355680,372084	313795,319466,333062,346352,355818,372506	ENSMUST00000161126	ENSMUSG00000089822	Gm15759	antisense
chr1	+	335176	437109	36	335176,338027,339516,340337,342421,344542,346758,349048,351151,352713,356613,357465,360377,361279,362054,364200,365709,366831,369125,379629,387620,389393,391530,393450,394185,396309,400506,403075,405903,407087,408005,411012,411160,415768,433112,435491	335325,338084,339612,340445,342547,344603,346841,349128,351295,352805,356764,357558,360486,361463,362240,364292,365878,366945,369247,379725,387744,389526,391617,393536,394376,396536,400601,403203,405977,407139,408119,411077,411348,415935,433186,437109	ENSMUST00000114366	ENSMUSG00000079554	Aox2	protein_coding
chr1	-	440362	442984	1	440362	442984	ENSMUST00000194925	ENSMUSG00000103839	Gm37607	TEC
chr1	+	449748	464208	12	449748,451052,454526,455854,456929,457557,457964,458191,459737,460469,461086,461889	450066,451125,454702,455948,456994,457692,458073,458361,459887,460607,461208,464208	ENSMUST00000050552	ENSMUSG00000051223	Bzw1	protein_coding
chr1	+	449974	459858	8	449974,451052,455854,456929,457557,457964,458191,459737	450066,451125,455948,456994,457692,458073,458361,459858	ENSMUST00000188898	ENSMUSG00000051223	Bzw1	protein_coding
chr1	+	449982	462341	10	449982,451052,454526,457557,457964,458191,459737,460469,461086,461889	450066,451125,454702,457692,458073,458361,459887,460607,461208,462341	ENSMUST00000188630	ENSMUSG00000051223	Bzw1	protein_coding
chr1	+	450320	461985	12	450320,451052,454526,455854,456929,457557,457964,458191,459737,460469,461086,461889	450476,451125,454702,455948,456994,457692,458073,458361,459887,460607,461208,461985	ENSMUST00000186949	ENSMUSG00000051223	Bzw1	protein_coding
chr1	-	467044	480921	11	467044,469502,469802,470245,471227,471445,473868,474122,476522,478629,480775	469195,469592,469881,470327,471356,471539,474034,474238,478163,478789,480921	ENSMUST00000156931	ENSMUSG00000026034	Clk1	protein_coding
chr1	-	468855	469716	2	468855,469502	469195,469716	ENSMUST00000139787	ENSMUSG00000026034	Clk1	protein_coding
chr1	-	468855	470292	3	468855,469502,469802	469195,469592,470292	ENSMUST00000141570	ENSMUSG00000026034	Clk1	protein_coding
chr1	-	468855	473620	7	468855,469502,469802,470245,471227,471445,473312	469195,469592,469881,470327,471356,472512,473620	ENSMUST00000123580	ENSMUSG00000026034	Clk1	protein_coding
chr1	-	468855	480921	13	468855,469502,469802,470245,471227,471445,473868,474122,476522,476976,477938,478629,480775	469195,469592,469881,470327,471356,471539,474034,474238,476588,477066,478163,478789,480921	ENSMUST00000034868	ENSMUSG00000026034	Clk1	protein_coding
chr1	-	468855	480921	12	468855,469502,469802,470245,471227,471445,473868,474122,476522,477938,478629,480775	469195,469592,469881,470327,471356,471539,474034,474238,476588,478163,478789,480921	ENSMUST00000148330	ENSMUSG00000026034	Clk1	protein_coding
chr1	-	468855	480921	11	468855,469502,469802,470245,471227,471445,474122,476522,477938,478629,480775	469195,469592,469881,470327,471356,471539,474238,476588,478163,478789,480921	ENSMUST00000151338	ENSMUSG00000026034	Clk1	protein_coding
chr1	-	469171	470680	3	469171,469802,470245	469592,469881,470680	ENSMUST00000129303	ENSMUSG00000026034	Clk1	protein_coding
chr1	-	471445	477253	5	471445,473868,474122,476522,476976	471539,474034,474238,476588,477253	ENSMUST00000186552	ENSMUSG00000026034	Clk1	protein_coding
chr1	-	471470	478113	4	471470,473868,476522,477938	471539,474238,476588,478113	ENSMUST00000135380	ENSMUSG00000026034	Clk1	protein_coding
chr1	-	472998	480921	4	472998,476522,478629,480775	474238,478163,478789,480921	ENSMUST00000129577	ENSMUSG00000026034	Clk1	protein_coding
chr1	-	473765	474281	2	473765,474122	474034,474281	ENSMUST00000131051	ENSMUSG00000026034	Clk1	protein_coding
chr1	-	478481	480921	2	478481,480775	478789,480921	ENSMUST00000147258	ENSMUSG00000026034	Clk1	protein_coding
chr1	-	487849	502284	7	487849,491186,495199,497698,499380,501444,501666	488185,491304,495266,497791,499454,501494,502284	ENSMUST00000117069	ENSMUSG00000026035	Ppil3	protein_coding
chr1	-	487849	502289	7	487849,491186,495199,497698,499380,501444,502001	488185,491304,495266,497791,499454,501494,502289	ENSMUST00000114348	ENSMUSG00000026035	Ppil3	protein_coding
chr1	-	487852	502341	7	487852,491186,495199,497698,499380,501444,502187	488185,491304,495266,497791,499454,501494,502341	ENSMUST00000081677	ENSMUSG00000026035	Ppil3	protein_coding
chr1	-	487875	489040	2	487875,488927	488185,489040	ENSMUST00000186242	ENSMUSG00000026035	Ppil3	protein_coding
chr1	-	490642	502224	6	490642,495199,497698,499380,501444,502001	491304,495266,497791,499454,501494,502224	ENSMUST00000114345	ENSMUSG00000026035	Ppil3	protein_coding
chr1	-	491270	502294	6	491270,495199,497698,499380,501444,502227	491304,495266,497791,499454,501494,502294	ENSMUST00000190048	ENSMUSG00000026035	Ppil3	protein_coding
chr1	-	491274	502337	6	491274,495199,497698,499380,501444,502265	491304,495266,497791,499454,501494,502337	ENSMUST00000185990	ENSMUSG00000026035	Ppil3	protein_coding
chr1	-	495031	502031	5	495031,497698,499380,501444,502001	495266,497791,499454,501494,502031	ENSMUST00000124550	ENSMUSG00000026035	Ppil3	protein_coding
chr1	-	495685	497823	1	495685	497823	ENSMUST00000188896	ENSMUSG00000026035	Ppil3	protein_coding
chr1	+	502006	520311	7	502006,504489,507242,508944,512452,514635,517996	502489,504944,507404,509070,512590,514718,520311	ENSMUST00000087521	ENSMUSG00000026036	Nif3l1	protein_coding
chr1	+	502122	538671	7	502122,504489,507242,508944,512452,514635,537841	502489,504944,507404,509070,512590,514718,538671	ENSMUST00000114337	ENSMUSG00000026036	Nif3l1	protein_coding
chr1	+	502483	507362	4	502483,504489,506099,507242	502489,504944,506281,507362	ENSMUST00000129759	ENSMUSG00000026036	Nif3l1	protein_coding
chr1	+	502584	504905	3	502584,504300,504489	502640,504401,504905	ENSMUST00000151272	ENSMUSG00000026036	Nif3l1	protein_coding
chr1	+	504486	519121	6	504486,507242,508944,512452,514635,517996	504944,507404,509070,512590,514718,519121	ENSMUST00000171597	ENSMUSG00000026036	Nif3l1	protein_coding
chr1	+	506022	514655	5	506022,507242,508944,512452,514635	506281,507404,509070,512590,514655	ENSMUST00000140723	ENSMUSG00000026036	Nif3l1	protein_coding
chr1	+	510259	513043	1	510259	513043	ENSMUST00000185578	ENSMUSG00000026036	Nif3l1	protein_coding
chr1	+	514540	518239	2	514540,517996	514718,518239	ENSMUST00000188295	ENSMUSG00000026036	Nif3l1	protein_coding
chr1	-	519626	561964	18	519626,522850,524506,526523,527795,529160,531664,533289,537106,537815,540498,549712,550516,554231,557096,558178,558697,561627	521145,522968,524567,526694,527941,529256,531796,533398,537204,538008,540558,549743,550605,554320,557239,558281,558745,561964	ENSMUST00000027198	ENSMUSG00000026037	Orc2	protein_coding
chr1	-	521059	558271	15	521059,522850,524506,526523,527795,529160,531664,533289,537106,537815,540498,549712,550516,554231,558178	521145,522968,524567,526694,527941,529256,531796,533398,537204,538008,540558,549743,550605,554320,558271	ENSMUST00000114325	ENSMUSG00000026037	Orc2	protein_coding
chr1	-	537166	538304	2	537166,537815	537204,538304	ENSMUST00000151723	ENSMUSG00000026037	Orc2	protein_coding
chr1	-	540553	561780	5	540553,549712,550516,554231,561627	540558,549743,550605,554320,561780	ENSMUST00000190695	ENSMUSG00000026037	Orc2	protein_coding
chr1	-	557201	561810	4	557201,558178,558697,561627	557239,558281,558739,561810	ENSMUST00000191206	ENSMUSG00000026037	Orc2	protein_coding
chr1	-	523370	523476	1	523370	523476	ENSMUST00000179823	ENSMUSG00000094245	Gm23966	snRNA
chr1	+	562003	569471	2	562003,567426	562082,569471	ENSMUST00000160947	ENSMUSG00000085054	Gm15834	lincRNA
chr1	+	562007	574385	4	562007,567426,568994,572567	562082,567499,569121,574385	ENSMUST00000129740	ENSMUSG00000085054	Gm15834	lincRNA
chr1	+	562010	580087	7	562010,567426,572567,573918,574480,577290,579874	562086,569121,572632,574024,574620,577603,580087	ENSMUST00000139825	ENSMUSG00000085054	Gm15834	lincRNA
chr1	-	579661	643182	12	579661,592249,596418,596993,601526,602966,605498,609009,614131,614836,622716,643071	587118,592408,596505,597109,601621,603081,605578,609188,614232,614916,622813,643182	ENSMUST00000161600	ENSMUSG00000038174	Fam126b	protein_coding
chr1	-	583880	643125	13	583880,591344,592249,596418,596993,601526,602966,605498,609009,614131,614836,622716,643071	587118,591511,592408,596505,597109,601621,603081,605578,609188,614232,614916,622813,643125	ENSMUST00000097724	ENSMUSG00000038174	Fam126b	protein_coding
chr1	-	584602	622813	13	584602,591344,592249,596418,596993,601526,602966,605498,609009,613368,614131,614836,622716	587118,591511,592408,596505,597109,601621,603081,605578,609188,613423,614232,614916,622813	ENSMUST00000187717	ENSMUSG00000038174	Fam126b	protein_coding
chr1	-	585942	643050	12	585942,592249,596418,596993,601526,602966,605498,609009,614131,614836,622716,642962	587118,592408,596505,597109,601621,603081,605578,609188,614232,614916,622813,643050	ENSMUST00000038372	ENSMUSG00000038174	Fam126b	protein_coding
chr1	-	609046	643134	4	609046,614131,614836,643071	609188,614232,614916,643134	ENSMUST00000161000	ENSMUSG00000038174	Fam126b	protein_coding
chr1	-	614192	643123	5	614192,614836,619499,622716,643071	614232,614916,619646,622813,643123	ENSMUST00000160546	ENSMUSG00000038174	Fam126b	protein_coding
chr1	-	614219	643136	4	614219,614836,622627,643071	614232,614916,622813,643136	ENSMUST00000159980	ENSMUSG00000038174	Fam126b	protein_coding
chr1	-	619290	622079	1	619290	622079	ENSMUST00000191472	ENSMUSG00000038174	Fam126b	protein_coding
chr1	-	622463	643156	2	622463,643071	622813,643156	ENSMUST00000159185	ENSMUSG00000038174	Fam126b	protein_coding
chr1	+	643243	652823	3	643243,647949,652508	643529,648108,652823	ENSMUST00000027193	ENSMUSG00000026032	Ndufb3	protein_coding
chr1	-	682073	682424	1	682073	682424	ENSMUST00000191562	ENSMUSG00000100202	Gm29389	processed_pseudogene
chr1	+	687234	694203	2	687234,693657	687574,694203	ENSMUST00000186270	ENSMUSG00000099490	Gm18802	processed_pseudogene
chr1	+	703547	704098	1	703547	704098	ENSMUST00000081455	ENSMUSG00000059647	Cbx3-ps7	processed_pseudogene
chr1	-	703762	752848	13	703762,718259,723686,724588,726287,727229,733388,735145,736723,747772,748564,749160,752761	704078,718321,723789,724687,726339,727326,733449,735238,736856,747817,748641,749304,752848	ENSMUST00000188772	ENSMUSG00000047528	Als2cr12	protein_coding
chr1	-	714979	749301	14	714979,715855,716082,718259,723686,724588,726287,727229,733388,735145,736723,747772,748564,749160	715293,715964,716171,718321,723789,724687,726339,727326,733449,735238,736856,747817,748641,749301	ENSMUST00000191565	ENSMUSG00000047528	Als2cr12	protein_coding
chr1	-	714979	752812	15	714979,715855,716082,718259,723686,724588,726287,727229,733388,735145,736723,747772,748564,749160,752761	715289,715964,716171,718321,723789,724687,726339,727326,733449,735238,736856,747817,748641,749304,752812	ENSMUST00000055313	ENSMUSG00000047528	Als2cr12	protein_coding
chr1	-	715222	749301	14	715222,715855,716082,718259,723686,724588,726287,727229,733388,735145,736723,747772,748564,749160	715293,715964,716171,718321,723789,724687,726339,727326,733449,735238,736852,747817,748641,749301	ENSMUST00000191252	ENSMUSG00000047528	Als2cr12	protein_coding
chr1	-	723754	752819	10	723754,724588,726287,733388,735145,736723,747772,748564,749160,752576	723789,724687,727326,733449,735238,736856,747817,748641,749304,752819	ENSMUST00000185953	ENSMUSG00000047528	Als2cr12	protein_coding
chr1	-	733055	747909	3	733055,735145,747772	733449,735238,747909	ENSMUST00000188839	ENSMUSG00000047528	Als2cr12	protein_coding
chr1	+	709500	712690	2	709500,711804	709548,712690	ENSMUST00000185352	ENSMUSG00000102059	Gm20257	transcribed_unprocessed_pseudogene
chr1	+	711804	711933	1	711804	711933	ENSMUST00000188643	ENSMUSG00000102059	Gm20257	transcribed_unprocessed_pseudogene
chr1	+	759168	760845	2	759168,760449	759534,760845	ENSMUST00000190385	ENSMUSG00000101046	Gm28803	processed_pseudogene
chr1	+	768367	770745	2	768367,770155	768451,770745	ENSMUST00000149874	ENSMUSG00000026031	Cflar	protein_coding
chr1	+	768367	811200	10	768367,770430,783165,788011,789112,792517,797122,797824,809198,810643	768451,770518,783591,788146,789185,792571,797171,797905,809705,811200	ENSMUST00000140940	ENSMUSG00000026031	Cflar	protein_coding
chr1	+	768369	788105	4	768369,770430,783165,788011	768451,770518,783591,788105	ENSMUST00000164900	ENSMUSG00000026031	Cflar	protein_coding
chr1	+	768375	771162	3	768375,770430,770976	768451,770516,771162	ENSMUST00000156870	ENSMUSG00000026031	Cflar	protein_coding
chr1	+	768393	770748	2	768393,770430	768451,770748	ENSMUST00000124567	ENSMUSG00000026031	Cflar	protein_coding
chr1	+	768403	774413	3	768403,770155,774119	768451,770518,774413	ENSMUST00000097723	ENSMUSG00000026031	Cflar	protein_coding
chr1	+	768410	810835	11	768410,770430,783165,785915,788011,789112,792495,797122,797824,809198,810643	768451,770518,783591,786020,788146,789172,792571,797171,797905,809705,810835	ENSMUST00000097722	ENSMUSG00000026031	Cflar	protein_coding
chr1	+	768419	815745	10	768419,783165,785915,788011,789112,792517,797122,797824,809198,810643	768451,783591,786020,788146,789185,792571,797171,797905,809705,815745	ENSMUST00000114313	ENSMUSG00000026031	Cflar	protein_coding
chr1	+	770153	790086	5	770153,783165,785915,788011,789112	770518,783591,786020,788146,790086	ENSMUST00000114309	ENSMUSG00000026031	Cflar	protein_coding
chr1	+	770161	779929	2	770161,779188	770518,779929	ENSMUST00000123553	ENSMUSG00000026031	Cflar	protein_coding
chr1	+	770176	812024	10	770176,783165,785915,788011,789112,792517,797122,797824,809198,810643	770518,783591,786020,788146,789185,792571,797171,797905,809705,812024	ENSMUST00000069333	ENSMUSG00000026031	Cflar	protein_coding
chr1	+	770745	774421	1	770745	774421	ENSMUST00000189858	ENSMUSG00000026031	Cflar	protein_coding
chr1	+	787411	809312	7	787411,788011,789112,792517,797122,797824,809198	787521,788146,789185,792571,797171,797905,809312	ENSMUST00000123032	ENSMUSG00000026031	Cflar	protein_coding
chr1	+	842070	842520	1	842070	842520	ENSMUST00000191399	ENSMUSG00000100236	Gm3841	processed_pseudogene
chr1	+	852235	904364	9	852235,880776,884068,885734,885957,888467,890494,901205,903483	852599,881108,884173,885872,886010,888528,890635,901706,904364	ENSMUST00000027189	ENSMUSG00000026029	Casp8	protein_coding
chr1	+	852338	903615	10	852338,860860,880776,884068,885734,885957,888467,890494,901205,903483	852599,860975,881108,884173,885872,886010,888528,890635,901706,903615	ENSMUST00000191201	ENSMUSG00000026029	Casp8	protein_coding
chr1	+	859363	903869	9	859363,880776,884068,885734,885957,888467,890494,901205,903483	859554,881108,884173,885872,886010,888528,890635,901706,903869	ENSMUST00000165549	ENSMUSG00000026029	Casp8	protein_coding
chr1	+	859514	903615	10	859514,860860,880776,884068,885734,885957,888467,890494,901205,903483	859554,860975,881108,884173,885872,886010,888528,890635,901706,903615	ENSMUST00000190213	ENSMUSG00000026029	Casp8	protein_coding
chr1	+	854644	858484	1	854644	858484	ENSMUST00000194726	ENSMUSG00000102719	Gm37760	TEC
chr1	-	906946	949653	12	906946,907520,907747,911955,917240,918130,932503,933211,934877,947584,948354,949541	906952,907629,907836,912017,917292,918227,932564,933304,935010,947628,948428,949653	ENSMUST00000188624	ENSMUSG00000099719	Gm28802	unprocessed_pseudogene
chr1	-	960533	964073	2	960533,963567	961043,964073	ENSMUST00000172685	ENSMUSG00000026028	Trak2	protein_coding
chr1	-	976757	978558	3	976757,977935,978541	976909,978013,978558	ENSMUST00000174359	ENSMUSG00000026028	Trak2	protein_coding
chr2	-	23195	26803	7	23195,23858,24086,24867,25817,26123,26696	23418,23884,24187,24977,25887,26253,26803	ENSMUST00000028283	ENSMUSG00000026919	Lcn4	protein_coding
chr2	-	77908	78602	1	77908	78602	ENSMUST00000119000	ENSMUSG00000082951	Gm13359	processed_pseudogene
chr2	-	198024	212319	6	198024,201477,202095,203772,204442,212179	199395,201611,202130,203828,204511,212319	ENSMUST00000114045	ENSMUSG00000015787	Abo	protein_coding
chr2	-	198024	220500	6	198024,201477,202095,203772,204442,220392	199395,201611,202130,203828,204511,220500	ENSMUST00000102900	ENSMUSG00000015787	Abo	protein_coding
chr2	-	244149	248132	2	244149,247512	244899,248132	ENSMUST00000140392	ENSMUSG00000036160	Surf6	protein_coding
chr2	-	244446	247694	2	244446,247496	244899,247694	ENSMUST00000129554	ENSMUSG00000036160	Surf6	protein_coding
chr2	-	244510	254946	3	244510,248388,254858	244899,248588,254946	ENSMUST00000137904	ENSMUSG00000036160	Surf6	protein_coding
chr2	-	245956	258400	5	245956,248388,254858,255250,258215	248246,248588,254946,255453,258400	ENSMUST00000047632	ENSMUSG00000036160	Surf6	protein_coding
chr2	-	246293	258371	5	246293,248388,254858,255250,258215	246535,248588,254946,255453,258371	ENSMUST00000114043	ENSMUSG00000036160	Surf6	protein_coding
chr2	-	248196	258311	5	248196,248388,254858,255250,258109	248246,248588,254946,255453,258311	ENSMUST00000142131	ENSMUSG00000036160	Surf6	protein_coding
chr2	-	254615	255289	2	254615,255250	254946,255289	ENSMUST00000127691	ENSMUSG00000036160	Surf6	protein_coding
chr2	-	260783	266198	3	260783,264514,265814	263822,264594,266198	ENSMUST00000102899	ENSMUSG00000015776	Med22	protein_coding
chr2	-	261109	266090	4	261109,263614,264514,265814	261514,263822,264594,266090	ENSMUST00000015920	ENSMUSG00000015776	Med22	protein_coding
chr2	-	263630	266099	3	263630,264514,265814	263930,264594,266099	ENSMUST00000139815	ENSMUSG00000015776	Med22	protein_coding
chr2	+	266285	268839	8	266285,266527,266943,267540,267887,268192,268509,268686	266351,266647,267092,267680,267966,268322,268578,268839	ENSMUST00000102898	ENSMUSG00000062647	Rpl7a	protein_coding
chr2	+	266338	268578	6	266338,266943,267540,267887,268192,268509	266647,267092,267676,267966,268322,268578	ENSMUST00000136269	ENSMUSG00000062647	Rpl7a	protein_coding
chr2	+	266342	268839	7	266342,266527,266943,267540,267887,268192,268686	266351,266647,267092,267680,267966,268578,268839	ENSMUST00000137376	ENSMUSG00000062647	Rpl7a	protein_coding
chr2	+	266527	268839	7	266527,266943,267540,267814,268192,268509,268686	266647,267092,267680,267966,268322,268578,268839	ENSMUST00000143678	ENSMUSG00000062647	Rpl7a	protein_coding
chr2	+	267713	268839	3	267713,268509,268686	268322,268578,268839	ENSMUST00000129673	ENSMUSG00000062647	Rpl7a	protein_coding
chr2	+	268140	268839	2	268140,268686	268578,268839	ENSMUST00000147143	ENSMUSG00000062647	Rpl7a	protein_coding
chr2	+	268192	268733	2	268192,268509	268322,268733	ENSMUST00000149339	ENSMUSG00000062647	Rpl7a	protein_coding
chr2	+	266782	266855	1	266782	266855	ENSMUST00000083324	ENSMUSG00000065258	Gm23969	snoRNA
chr2	+	267739	267812	1	267739	267812	ENSMUST00000082895	ENSMUSG00000064829	Gm22879	snoRNA
chr2	+	268051	268121	1	268051	268121	ENSMUST00000083361	ENSMUSG00000065295	Gm24134	snoRNA
chr2	-	268902	270280	4	268902,269434,269696,270228	269179,269596,269768,270280	ENSMUST00000142967	ENSMUSG00000015790	Surf1	protein_coding
chr2	-	268904	271821	9	268904,269098,269434,269696,270228,270953,271117,271476,271778	269026,269211,269596,269768,270416,271035,271250,271527,271821	ENSMUST00000183520	ENSMUSG00000015790	Surf1	protein_coding
chr2	-	268904	271989	9	268904,269098,269434,269696,270228,270953,271117,271476,271778	269026,269179,269596,269768,270416,271035,271290,271527,271989	ENSMUST00000167661	ENSMUSG00000015790	Surf1	protein_coding
chr2	-	268904	272051	9	268904,269098,269434,269696,270228,270953,271117,271476,271778	269026,269179,269596,269768,270416,271035,271250,271527,272051	ENSMUST00000015934	ENSMUSG00000015790	Surf1	protein_coding
chr2	-	269098	271841	8	269098,269434,269696,270228,270953,271117,271476,271778	269179,269596,269768,270416,271035,271270,271527,271841	ENSMUST00000129822	ENSMUSG00000015790	Surf1	protein_coding
chr2	-	269098	271866	7	269098,269434,269696,270228,270953,271117,271778	269179,269596,269768,270416,271035,271290,271866	ENSMUST00000147110	ENSMUSG00000015790	Surf1	protein_coding
chr2	-	269752	271832	5	269752,270228,270953,271117,271778	269768,270416,271035,271527,271832	ENSMUST00000150776	ENSMUSG00000015790	Surf1	protein_coding
chr2	-	269996	271013	2	269996,270953	270416,271013	ENSMUST00000128665	ENSMUSG00000015790	Surf1	protein_coding
chr2	-	270379	271853	4	270379,270953,271117,271778	270416,271053,271290,271853	ENSMUST00000129682	ENSMUSG00000015790	Surf1	protein_coding
chr2	-	270978	271866	3	270978,271117,271778	271035,271305,271866	ENSMUST00000133513	ENSMUSG00000015790	Surf1	protein_coding
chr2	+	271888	275706	6	271888,272226,272949,274394,274713,275248	272024,272380,273052,274576,274879,275706	ENSMUST00000015017	ENSMUSG00000014873	Surf2	protein_coding
chr2	+	271902	275695	5	271902,272226,272949,274713,275248	272024,272380,274576,274879,275695	ENSMUST00000126947	ENSMUSG00000014873	Surf2	protein_coding
chr2	+	272190	275342	5	272190,272949,274394,274713,275248	272380,273052,274576,274879,275342	ENSMUST00000125408	ENSMUSG00000014873	Surf2	protein_coding
chr2	+	272190	275689	2	272190,275124	274879,275689	ENSMUST00000135506	ENSMUSG00000014873	Surf2	protein_coding
chr2	+	272334	275476	5	272334,272949,274386,274713,275248	272380,273052,274576,274879,275476	ENSMUST00000157066	ENSMUSG00000014873	Surf2	protein_coding
chr2	+	272949	275358	4	272949,274450,274713,275254	273052,274576,274879,275358	ENSMUST00000143098	ENSMUSG00000014873	Surf2	protein_coding
chr2	-	275563	289451	6	275563,279868,280476,281131,282292,288798	277694,280054,280519,281207,282478,289451	ENSMUST00000015011	ENSMUSG00000014867	Surf4	protein_coding
chr2	-	277485	288906	5	277485,279868,280476,282292,288798	277694,280054,280519,282478,288906	ENSMUST00000153641	ENSMUSG00000014867	Surf4	protein_coding
chr2	-	280493	289304	4	280493,281131,282292,289225	280519,281207,282478,289304	ENSMUST00000154651	ENSMUSG00000014867	Surf4	protein_coding
chr2	+	289570	298675	6	289570,290837,293504,295494,296534,298654	289635,290923,293548,295568,296638,298675	ENSMUST00000153771	ENSMUSG00000049897	Stkld1	protein_coding
chr2	+	289592	309019	19	289592,290815,293504,295494,296534,298654,299400,300965,301287,302120,302767,304835,305548,306077,306943,307145,308174,308479,308780	289635,290923,293548,295568,296638,298724,299515,301083,301450,302250,302850,304951,305688,306205,307071,307273,308314,308558,309019	ENSMUST00000055406	ENSMUSG00000049897	Stkld1	protein_coding
chr2	-	309086	319911	8	309086,311018,311812,314004,315749,316128,317908,319577	310119,311092,311888,314092,315942,316265,318248,319911	ENSMUST00000064244	ENSMUSG00000052406	Rexo4	protein_coding
chr2	-	309089	319911	8	309089,311018,311812,314004,315749,316128,317908,319577	310119,311092,311888,314092,315942,316265,318248,319911	ENSMUST00000114020	ENSMUSG00000052406	Rexo4	protein_coding
chr2	-	309849	312111	3	309849,311018,311812	310119,311092,312111	ENSMUST00000123126	ENSMUSG00000052406	Rexo4	protein_coding
chr2	-	309951	311207	2	309951,311018	310119,311207	ENSMUST00000145546	ENSMUSG00000052406	Rexo4	protein_coding
chr2	-	310064	319804	7	310064,311018,314004,315749,316128,317908,319577	310119,311092,314092,315942,316265,318248,319804	ENSMUST00000136710	ENSMUSG00000052406	Rexo4	protein_coding
chr2	-	310524	311842	2	310524,311812	311092,311842	ENSMUST00000139635	ENSMUSG00000052406	Rexo4	protein_coding
chr2	-	311856	319803	4	311856,316128,317908,319577	311888,316265,318248,319803	ENSMUST00000135752	ENSMUSG00000052406	Rexo4	protein_coding
chr2	-	313561	315791	2	313561,315749	314092,315791	ENSMUST00000128130	ENSMUSG00000052406	Rexo4	protein_coding
chr2	-	318404	319849	2	318404,319577	318509,319849	ENSMUST00000128401	ENSMUSG00000052406	Rexo4	protein_coding
chr2	+	328941	354105	24	328941,329454,331147,333491,333824,334076,336594,337188,338549,339373,339625,340948,342051,342514,343864,344763,345835,346051,346787,348400,349432,352048,352260,353815	329178,329523,331295,333574,333948,334222,336740,337350,338653,339524,339688,341074,342199,342634,343944,344944,345970,346180,346972,348592,349555,352177,352439,354105	ENSMUST00000014996	ENSMUSG00000014852	Adamts13	protein_coding
chr2	+	329018	365153	29	329018,329454,331147,333491,333824,334076,336594,337188,338549,339373,339625,340948,342051,342514,343864,344763,345835,346051,346787,348400,349432,352048,352260,360269,360691,361702,362147,364058,364781	329178,329523,331295,333574,333948,334222,336740,337350,338653,339524,339688,341074,342199,342634,343944,344944,345970,346180,346972,348592,349555,352177,352439,360473,361003,361848,362323,364242,365153	ENSMUST00000102891	ENSMUSG00000014852	Adamts13	protein_coding
chr2	+	362096	364970	3	362096,364058,364781	362323,364242,364970	ENSMUST00000147216	ENSMUSG00000014852	Adamts13	protein_coding
chr2	+	365451	372374	4	365451,369618,371009,371468	365630,369690,371134,372374	ENSMUST00000114005	ENSMUSG00000015488	Cacfd1	protein_coding
chr2	+	365451	372949	3	365451,369618,371009	365630,369690,372949	ENSMUST00000114004	ENSMUSG00000015488	Cacfd1	protein_coding
chr2	+	365451	376614	6	365451,369618,371009,373898,374413,375546	365630,369690,371134,374005,374504,376614	ENSMUST00000114006	ENSMUSG00000015488	Cacfd1	protein_coding
chr2	+	365451	376614	5	365451,369618,371009,373898,374413	365630,369690,371134,374005,376614	ENSMUST00000114007	ENSMUSG00000015488	Cacfd1	protein_coding
chr2	+	365538	373946	5	365538,369618,371009,372604,373898	365630,369690,371134,372677,373946	ENSMUST00000133126	ENSMUSG00000015488	Cacfd1	protein_coding
chr2	+	365607	371428	4	365607,368952,369618,371009	365630,369079,369690,371428	ENSMUST00000133807	ENSMUSG00000015488	Cacfd1	protein_coding
chr2	+	366118	375823	6	366118,369618,371009,373898,374413,375546	366167,369690,371134,374005,374504,375823	ENSMUST00000114003	ENSMUSG00000015488	Cacfd1	protein_coding
chr2	+	371108	372960	2	371108,372604	371134,372960	ENSMUST00000145290	ENSMUSG00000015488	Cacfd1	protein_coding
chr2	-	376888	383434	9	376888,378244,379060,379708,380110,380748,381426,382666,383342	377594,378389,379168,379860,380318,380847,381632,382828,383434	ENSMUST00000102890	ENSMUSG00000036067	Slc2a6	protein_coding
chr2	-	376888	383447	9	376888,378244,378613,379708,380110,380748,381426,382666,383342	377594,378389,379168,379860,380318,380847,381632,382828,383447	ENSMUST00000145742	ENSMUSG00000036067	Slc2a6	protein_coding
chr2	-	376888	383471	7	376888,378244,378613,379060,380748,381426,383342	377594,378389,378774,380318,380847,381632,383471	ENSMUST00000129835	ENSMUSG00000036067	Slc2a6	protein_coding
chr2	-	376888	383523	10	376888,378244,378613,379060,379708,380110,380748,381426,382666,383342	377594,378389,378774,379168,379860,380318,380847,381632,382828,383523	ENSMUST00000045702	ENSMUSG00000036067	Slc2a6	protein_coding
chr2	-	379593	381516	4	379593,380110,380748,381426	379860,380318,380847,381516	ENSMUST00000135725	ENSMUSG00000036067	Slc2a6	protein_coding
chr2	-	381613	383516	3	381613,382666,383342	381632,382813,383516	ENSMUST00000153388	ENSMUSG00000036067	Slc2a6	protein_coding
chr2	+	390205	391082	1	390205	391082	ENSMUST00000119562	ENSMUSG00000083335	Gm13397	processed_pseudogene
chr2	+	392810	396378	2	392810,393605	392872,396378	ENSMUST00000149378	ENSMUSG00000087364	Gm13398	antisense
chr2	-	417161	427704	5	417161,418227,421816,422878,427406	417862,418343,421964,422992,427704	ENSMUST00000009358	ENSMUSG00000009214	Mymk	protein_coding
chr2	-	417163	423393	5	417163,418227,421816,422878,423265	417862,418343,421964,422992,423393	ENSMUST00000163967	ENSMUSG00000009214	Mymk	protein_coding
chr2	+	434904	464506	19	434904,437229,437907,438725,439521,440302,440576,442736,445109,449058,450928,454131,457132,458294,458591,459393,460274,462920,463846	435098,437319,438049,438800,439623,440447,440699,442816,445284,449415,451297,454228,457258,458507,458746,459563,460450,463064,464506	ENSMUST00000091233	ENSMUSG00000036040	Adamtsl2	protein_coding
chr2	+	452821	464500	7	452821,458294,458591,459393,460274,462920,463846	457258,458507,458746,459563,460450,463064,464500	ENSMUST00000169787	ENSMUSG00000036040	Adamtsl2	protein_coding
chr2	+	453568	454183	2	453568,454131	453864,454183	ENSMUST00000143246	ENSMUSG00000036040	Adamtsl2	protein_coding
chr2	+	459311	462931	3	459311,460274,462920	459563,460450,462931	ENSMUST00000130600	ENSMUSG00000036040	Adamtsl2	protein_coding
chr2	+	460188	464506	3	460188,462920,463846	460450,463064,464506	ENSMUST00000139633	ENSMUSG00000036040	Adamtsl2	protein_coding
chr2	-	465905	498016	3	465905,469073,497685	468415,469188,498016	ENSMUST00000151224	ENSMUSG00000009216	Fam163b	protein_coding
chr2	-	500423	518228	7	500423,508236,512421,515774,516773,517111,517734	503030,508463,512575,515904,516903,517382,518228	ENSMUST00000150024	ENSMUSG00000085008	Dbhos	antisense
chr2	+	520758	538725	12	520758,523698,525837,526837,528229,530340,532833,533239,533713,536502,536996,538191	521391,523844,526094,527013,528331,530506,532976,533277,533772,536629,537155,538725	ENSMUST00000000910	ENSMUSG00000000889	Dbh	protein_coding
chr2	+	532618	532897	2	532618,532833	532757,532897	ENSMUST00000155290	ENSMUSG00000000889	Dbh	protein_coding
chr2	-	543918	588222	13	543918,547404,552174,553054,566536,570563,576168,580494,582602,583769,585963,586296,588098	545169,547539,552342,553216,566629,570710,576306,580607,582685,583910,586053,586382,588222	ENSMUST00000091224	ENSMUSG00000009614	Sardh	protein_coding
chr2	-	543918	602791	21	543918,547404,552174,553054,566536,570563,574323,576168,580494,582602,583769,585963,586296,589816,591003,594892,595140,596911,598227,599694,602178	545169,547539,552342,553216,566629,570710,574436,576306,580607,582685,583910,586053,586382,589945,591107,594992,595263,597090,598405,600048,602791	ENSMUST00000102886	ENSMUSG00000009614	Sardh	protein_coding
chr2	-	544722	547785	2	544722,547404	545169,547785	ENSMUST00000142136	ENSMUSG00000009614	Sardh	protein_coding
chr2	-	544907	565462	5	544907,547404,552174,553054,565424	545169,547539,552342,553216,565462	ENSMUST00000156434	ENSMUSG00000009614	Sardh	protein_coding
chr2	-	552233	574509	5	552233,553054,566536,570563,574323	552342,553216,566629,570710,574509	ENSMUST00000127805	ENSMUSG00000009614	Sardh	protein_coding
chr2	-	566581	571157	3	566581,570563,571003	566629,570710,571157	ENSMUST00000147089	ENSMUSG00000009614	Sardh	protein_coding
chr2	-	566617	580717	4	566617,570563,576168,580494	566629,570710,576306,580717	ENSMUST00000144448	ENSMUSG00000009614	Sardh	protein_coding
chr2	-	596994	602373	5	596994,598227,599694,602178,602324	597090,598405,600048,602227,602373	ENSMUST00000149733	ENSMUSG00000009614	Sardh	protein_coding
chr2	-	597012	603862	5	597012,598227,599694,602178,603767	597090,598405,600048,602227,603862	ENSMUST00000139312	ENSMUSG00000009614	Sardh	protein_coding
chr2	-	599811	602939	3	599811,602178,602873	600048,602227,602939	ENSMUST00000129975	ENSMUSG00000009614	Sardh	protein_coding
chr2	+	544907	590235	2	544907,590159	545094,590235	ENSMUST00000170435	ENSMUSG00000091192	Sardhos	antisense
chr2	-	617629	782437	30	617629,622755,623676,624424,624646,625653,627300,629213,630525,632741,634122,634716,637426,637814,638834,640364,641158,641964,644131,646875,647334,648195,651648,653193,654899,655955,657533,674453,692205,781801	619736,622909,623762,624547,624730,625740,627416,629265,630599,632868,634143,634732,637514,637915,638943,640378,641290,642049,644217,646943,647429,648294,651748,653261,654997,655969,657635,674521,692263,782437	ENSMUST00000185188	ENSMUSG00000009621	Vav2	protein_coding
chr2	-	617629	782558	28	617629,622755,623676,624424,625653,627300,629213,630525,632741,634122,634716,637426,637814,638834,641158,641964,644131,646875,647334,648195,651648,653193,654899,657533,674453,692205,742015,781801	619736,622909,623762,624547,625740,627416,629265,630599,632868,634143,634732,637514,637915,638943,641290,642049,644217,646943,647429,648294,651748,653261,654997,657635,674521,692263,742131,782558	ENSMUST00000056176	ENSMUSG00000009621	Vav2	protein_coding
chr2	-	623980	632866	6	623980,625653,627300,629213,630525,632741	624547,625740,627416,629265,630599,632866	ENSMUST00000149758	ENSMUSG00000009621	Vav2	protein_coding
chr2	-	624444	634404	7	624444,625653,627300,629213,630525,632741,634122	624547,625740,627416,629265,630599,632868,634404	ENSMUST00000148067	ENSMUSG00000009621	Vav2	protein_coding
chr2	-	625106	627323	2	625106,627300	625740,627323	ENSMUST00000146843	ENSMUSG00000009621	Vav2	protein_coding
chr2	-	625106	627400	3	625106,625653,627300	625192,625740,627400	ENSMUST00000135584	ENSMUSG00000009621	Vav2	protein_coding
chr2	-	657550	700005	4	657550,674453,692205,699679	657635,674521,692263,700005	ENSMUST00000132642	ENSMUSG00000009621	Vav2	protein_coding
chr2	+	682229	686822	2	682229,686606	682296,686822	ENSMUST00000156020	ENSMUSG00000086669	AA645442	antisense
chr2	+	757377	757476	1	757377	757476	ENSMUST00000102409	ENSMUSG00000076364	Gm24049	miRNA
chr2	+	797849	799746	1	797849	799746	ENSMUST00000209765	ENSMUSG00000109946	Brd3os	protein_coding
chr2	+	798028	798629	2	798028,798437	798343,798629	ENSMUST00000209262	ENSMUSG00000109946	Brd3os	protein_coding
chr2	-	801104	830926	12	801104,804728,805784,808361,809841,812437,814985,817057,817949,818983,819417,830670	804107,804853,806077,808602,810032,812565,815356,817271,818096,819120,819721,830926	ENSMUST00000028282	ENSMUSG00000026918	Brd3	protein_coding
chr2	-	801104	831214	12	801104,804728,805784,808361,809841,812437,814985,817057,817949,818983,819417,831105	804107,804853,806077,808602,810032,812565,815356,817271,818096,819120,819721,831214	ENSMUST00000077737	ENSMUSG00000026918	Brd3	protein_coding
chr2	-	801125	831201	13	801125,804728,805784,808361,808928,809841,812437,814985,817057,817949,818983,819417,831105	804107,804853,806077,808602,808978,810032,812565,815356,817271,818096,819120,819721,831201	ENSMUST00000113941	ENSMUSG00000026918	Brd3	protein_coding
chr2	-	803370	819644	12	803370,803927,804728,805784,808361,809841,812437,814985,817057,817949,818983,819417	803896,804107,804853,806077,808602,810032,812565,815356,817271,818096,819120,819644	ENSMUST00000164296	ENSMUSG00000026918	Brd3	protein_coding
chr2	-	804796	831182	12	804796,805784,808361,808928,809841,812437,814985,817057,817949,818983,819417,831105	804853,806077,808602,808978,810032,812565,815356,817271,818096,819120,819721,831182	ENSMUST00000138693	ENSMUSG00000026918	Brd3	protein_coding
chr2	-	804796	863190	12	804796,805784,808361,808928,809841,812437,814985,817057,817949,818983,819417,863018	804853,806077,808602,808978,810032,812565,815356,817271,818096,819120,819721,863190	ENSMUST00000154316	ENSMUSG00000026918	Brd3	protein_coding
chr2	-	808524	831181	8	808524,812437,814985,817057,817949,818983,819417,831105	810032,812565,815356,817271,818096,819120,819721,831181	ENSMUST00000130932	ENSMUSG00000026918	Brd3	protein_coding
chr2	-	819059	831135	4	819059,819417,828104,831105	819120,819721,828142,831135	ENSMUST00000147736	ENSMUSG00000026918	Brd3	protein_coding
chr2	-	819420	820110	2	819420,819850	819721,820110	ENSMUST00000144758	ENSMUSG00000026918	Brd3	protein_coding
chr2	-	819527	830709	2	819527,830574	819721,830709	ENSMUST00000126059	ENSMUSG00000026918	Brd3	protein_coding
chr2	-	806077	806158	1	806077	806158	ENSMUST00000183455	ENSMUSG00000098812	Mir7578	miRNA
chr2	+	870685	876181	5	870685,874157,874877,875271,875855	870808,874320,874985,875344,876181	ENSMUST00000144315	ENSMUSG00000026917	Wdr5	protein_coding
chr2	+	870685	892063	14	870685,874157,874877,875271,875855,876101,876356,880634,883802,887167,888521,888865,889296,890285	870808,874320,874985,875344,875944,876190,876439,880689,883848,887242,888554,888939,889383,892063	ENSMUST00000113952	ENSMUSG00000026917	Wdr5	protein_coding
chr2	+	875289	890571	12	875289,875855,876101,876356,880634,883802,886480,887167,888521,888865,889296,890285	875344,875944,876190,876439,880689,883848,886527,887242,888554,888939,889383,890571	ENSMUST00000140396	ENSMUSG00000026917	Wdr5	protein_coding
chr2	+	883300	888883	4	883300,887167,888521,888865	883848,887242,888554,888883	ENSMUST00000125088	ENSMUSG00000026917	Wdr5	protein_coding
chr2	-	895333	895458	1	895333	895458	ENSMUST00000116888	ENSMUSG00000080538	Gm25541	snRNA
chr2	+	895954	898890	2	895954,898257	896122,898890	ENSMUST00000142511	ENSMUSG00000085929	Gm13421	processed_transcript
chr2	+	895957	898713	2	895957,898257	896048,898713	ENSMUST00000132898	ENSMUSG00000085929	Gm13421	processed_transcript
chr3	-	3025	8518	2	3025,8487	5650,8518	ENSMUST00000181021	ENSMUSG00000097280	AI849053	lincRNA
chr3	+	4546	7404	2	4546,5433	5152,7404	ENSMUST00000181406	ENSMUSG00000097428	AW047730	processed_transcript
chr3	+	4558	7404	2	4558,7016	5152,7404	ENSMUST00000180555	ENSMUSG00000097428	AW047730	processed_transcript
chr3	+	10736	15218	2	10736,13558	11277,15218	ENSMUST00000181134	ENSMUSG00000097156	Gm3764	lincRNA
chr3	+	10749	29361	6	10749,13558,25026,26893,28191,29315	11277,13639,25207,26977,28358,29361	ENSMUST00000181550	ENSMUSG00000097156	Gm3764	lincRNA
chr3	+	11235	29918	5	11235,13558,24879,28191,29867	11277,13639,24973,28358,29918	ENSMUST00000180582	ENSMUSG00000097156	Gm3764	lincRNA
chr3	+	13395	28211	3	13395,25026,28188	13639,25207,28211	ENSMUST00000181636	ENSMUSG00000097156	Gm3764	lincRNA
chr3	+	18408	25783	2	18408,24879	18590,25783	ENSMUST00000181356	ENSMUSG00000097156	Gm3764	lincRNA
chr3	+	18418	29969	5	18418,25026,26893,28191,29867	18590,25207,26977,28358,29969	ENSMUST00000181396	ENSMUSG00000097156	Gm3764	lincRNA
chr3	+	26587	28225	2	26587,28191	26977,28225	ENSMUST00000181622	ENSMUSG00000097156	Gm3764	lincRNA
chr3	+	28203	33882	5	28203,29867,31289,32935,33608	28358,29969,31591,33288,33882	ENSMUST00000180635	ENSMUSG00000097156	Gm3764	lincRNA
chr3	+	29856	31933	2	29856,31289	29969,31933	ENSMUST00000180984	ENSMUSG00000097156	Gm3764	lincRNA
chr3	+	32491	33693	3	32491,32935,33608	32623,33288,33693	ENSMUST00000180478	ENSMUSG00000097156	Gm3764	lincRNA
chr3	+	32706	33882	2	32706,33608	33288,33882	ENSMUST00000181361	ENSMUSG00000097156	Gm3764	lincRNA
chr3	+	19094	19180	1	19094	19180	ENSMUST00000175247	ENSMUSG00000092988	Mir3093	miRNA
chr3	-	19512	19619	1	19512	19619	ENSMUST00000175135	ENSMUSG00000092876	Gm25641	miRNA
chr3	+	19521	19609	1	19521	19609	ENSMUST00000199907	ENSMUSG00000106493	Mir9-1	miRNA
chr3	-	46797	58632	10	46797,47516,48448,49056,49359,49738,51355,51610,52200,58392	47371,47589,48569,49189,49496,49904,51502,51760,52386,58632	ENSMUST00000171887	ENSMUSG00000104445	Rhbg	protein_coding
chr3	-	47303	91133	10	47303,47516,48448,49056,49359,49738,51355,51610,52200,91021	47371,47589,48569,49189,49496,49904,51502,51760,52386,91133	ENSMUST00000165196	ENSMUSG00000103766	Gm38392	protein_coding
chr3	-	49118	91133	8	49118,49359,49738,51355,51610,52200,83855,91021	49189,49496,49904,51502,51760,52386,84075,91133	ENSMUST00000163277	ENSMUSG00000103766	Gm38392	protein_coding
chr3	-	86680	100922	4	86680,91021,99314,100747	86907,91140,99373,100922	ENSMUST00000107556	ENSMUSG00000010538	Tsacc	protein_coding
chr3	-	86683	100761	4	86683,91021,99314,100686	86907,91140,99373,100761	ENSMUST00000010682	ENSMUSG00000010538	Tsacc	protein_coding
chr3	-	98847	100819	2	98847,100747	99373,100819	ENSMUST00000123536	ENSMUSG00000010538	Tsacc	protein_coding
chr3	-	88530	88676	1	88530	88676	ENSMUST00000195161	ENSMUSG00000103574	Gm37116	processed_pseudogene
chr3	+	101039	125690	14	101039,103265,104723,104852,106691,108936,113084,115596,117165,117479,122269,124383,124937,125367	101189,103326,104773,104914,106787,109053,113270,115745,117297,117560,122449,124628,125068,125690	ENSMUST00000001452	ENSMUSG00000001416	Cct3	protein_coding
chr3	+	101040	102870	1	101040	102870	ENSMUST00000193666	ENSMUSG00000001416	Cct3	protein_coding
chr3	+	101046	125430	12	101046,103265,106691,108936,113084,115596,117014,117479,122269,124383,124937,125367	101189,104914,106787,109053,113270,115745,117297,117560,122449,124628,125068,125430	ENSMUST00000167000	ENSMUSG00000001416	Cct3	protein_coding
chr3	+	101049	118330	9	101049,103265,104723,106691,108936,113084,115596,117165,117479	101189,103326,104914,106787,109053,113270,115745,117297,118330	ENSMUST00000164783	ENSMUSG00000001416	Cct3	protein_coding
chr3	+	101076	125430	12	101076,103265,104723,106691,108936,113084,115596,117165,117479,122269,124383,124937	101189,103326,104914,106787,109053,113270,115745,117297,117560,122449,124628,125430	ENSMUST00000167718	ENSMUSG00000001416	Cct3	protein_coding
chr3	+	101097	125689	12	101097,103265,106691,108936,113084,115596,117165,117479,122269,124383,124937,125367	101189,103326,106787,109053,113270,115745,117297,117560,122449,124628,125068,125689	ENSMUST00000164166	ENSMUSG00000001416	Cct3	protein_coding
chr3	+	101111	125430	13	101111,103265,104723,104852,106691,108936,113084,115596,117165,117479,122269,124383,124937	101189,103326,104773,104914,106787,109053,113270,115745,117297,117560,122449,124628,125430	ENSMUST00000168062	ENSMUSG00000001416	Cct3	protein_coding
chr3	+	106761	124573	7	106761,108936,113084,117165,117479,122269,124383	106787,109053,113270,117297,117560,122449,124573	ENSMUST00000163735	ENSMUSG00000001416	Cct3	protein_coding
chr3	+	124918	125687	2	124918,125367	125068,125687	ENSMUST00000164122	ENSMUSG00000001416	Cct3	protein_coding
chr3	+	124971	125688	3	124971,125233,125367	125068,125286,125688	ENSMUST00000168971	ENSMUSG00000001416	Cct3	protein_coding
chr3	+	128946	135236	6	128946,129600,130038,130334,131780,132126	129124,129854,130235,130552,132036,135236	ENSMUST00000177005	ENSMUSG00000001418	Glmp	protein_coding
chr3	+	128978	133434	1	128978	133434	ENSMUST00000193646	ENSMUSG00000001418	Glmp	protein_coding
chr3	+	128981	130501	3	128981,129600,130334	129124,130235,130501	ENSMUST00000153716	ENSMUSG00000001418	Glmp	protein_coding
chr3	+	128983	131510	2	128983,130334	130235,131510	ENSMUST00000152801	ENSMUSG00000001418	Glmp	protein_coding
chr3	+	128995	130390	4	128995,129854,130038,130334	129124,129938,130235,130390	ENSMUST00000131666	ENSMUSG00000001418	Glmp	protein_coding
chr3	+	129005	132286	3	129005,129600,132215	129124,129854,132286	ENSMUST00000176519	ENSMUSG00000001418	Glmp	protein_coding
chr3	+	129005	132291	5	129005,129600,130334,131780,132126	129124,129854,130552,132036,132291	ENSMUST00000001454	ENSMUSG00000001418	Glmp	protein_coding
chr3	+	129005	132291	5	129005,130038,130334,131780,132126	129124,130235,130552,132036,132291	ENSMUST00000176425	ENSMUSG00000001418	Glmp	protein_coding
chr3	+	129967	132241	4	129967,130334,131780,132126	130235,130552,132036,132241	ENSMUST00000140039	ENSMUSG00000001418	Glmp	protein_coding
chr3	+	131996	132504	2	131996,132099	132036,132504	ENSMUST00000154381	ENSMUSG00000001418	Glmp	protein_coding
chr3	-	132578	138427	4	132578,136363,136815,138305	133855,136576,137605,138427	ENSMUST00000001456	ENSMUSG00000001420	Tmem79	protein_coding
chr3	-	132969	138191	4	132969,136363,136815,138031	133855,136576,137605,138191	ENSMUST00000107553	ENSMUSG00000001420	Tmem79	protein_coding
chr3	-	132970	138377	4	132970,136363,136815,138305	133855,136576,137704,138377	ENSMUST00000107552	ENSMUSG00000001420	Tmem79	protein_coding
chr3	-	137061	140071	2	137061,139826	137605,140071	ENSMUST00000193872	ENSMUSG00000001420	Tmem79	protein_coding
chr3	+	140183	166261	22	140183,145781,146364,146803,149286,150368,151441,153065,153299,153939,154620,154902,156886,157799,158455,159501,162576,162950,163471,164254,164677,164948	140420,145879,146487,146959,149375,150457,151519,153190,153367,154147,154757,155504,157061,157874,158630,159659,162635,163109,163561,164328,164815,166261	ENSMUST00000001451	ENSMUSG00000001415	Smg5	protein_coding
chr3	+	140234	156652	12	140234,145781,146364,146803,149286,150368,151441,153065,153299,153939,154620,154902	140420,145879,146487,146959,149375,150457,151519,153190,153367,154147,154757,156652	ENSMUST00000192057	ENSMUSG00000001415	Smg5	protein_coding
chr3	+	140288	147239	5	140288,145781,146364,146446,146803	140420,145879,146403,146487,147239	ENSMUST00000194942	ENSMUSG00000001415	Smg5	protein_coding
chr3	+	144643	151519	7	144643,145781,146364,146803,149286,150368,151441	144781,145879,146487,146959,149375,150457,151519	ENSMUST00000193007	ENSMUSG00000001415	Smg5	protein_coding
chr3	+	146364	154654	9	146364,146803,149286,150368,151441,153034,153299,153939,154620	146487,146959,149375,150457,151519,153190,153367,154147,154654	ENSMUST00000192009	ENSMUSG00000001415	Smg5	protein_coding
chr3	+	156414	158560	3	156414,157799,158455	157061,157874,158560	ENSMUST00000193097	ENSMUSG00000001415	Smg5	protein_coding
chr3	+	162117	163560	3	162117,162950,163471	162635,163109,163560	ENSMUST00000192377	ENSMUSG00000001415	Smg5	protein_coding
chr3	+	162270	165193	7	162270,162576,162950,163471,164254,164677,164948	162331,162635,163109,163561,164328,164815,165193	ENSMUST00000193224	ENSMUSG00000001415	Smg5	protein_coding
chr3	+	164459	165014	2	164459,164948	164815,165014	ENSMUST00000194359	ENSMUSG00000001415	Smg5	protein_coding
chr3	+	168507	171956	6	168507,168951,169598,170828,171142,171612	168546,169026,169725,170924,171292,171956	ENSMUST00000147948	ENSMUSG00000041423	Paqr6	protein_coding
chr3	+	168512	172464	8	168512,168951,169598,169805,170083,170828,171142,171612	168546,169026,169725,170007,170209,170924,171292,172464	ENSMUST00000147991	ENSMUSG00000041423	Paqr6	protein_coding
chr3	+	168514	171166	8	168514,168951,169150,169598,169805,170083,170828,171142	168546,169026,169225,169725,170007,170209,170924,171166	ENSMUST00000149640	ENSMUSG00000041423	Paqr6	protein_coding
chr3	+	168516	169725	2	168516,168951	168546,169725	ENSMUST00000123200	ENSMUSG00000041423	Paqr6	protein_coding
chr3	+	170645	172464	3	170645,171142,171612	170924,171292,172464	ENSMUST00000147818	ENSMUSG00000041423	Paqr6	protein_coding
chr3	-	172539	176666	7	172539,173018,173219,173396,174051,175297,176462	172811,173075,173251,173531,174286,175402,176666	ENSMUST00000107543	ENSMUSG00000074489	Bglap3	protein_coding
chr3	-	172543	173504	2	172543,173396	173251,173504	ENSMUST00000152477	ENSMUSG00000074489	Bglap3	protein_coding
chr3	-	172543	173645	3	172543,173219,173396	173075,173251,173645	ENSMUST00000140259	ENSMUSG00000074489	Bglap3	protein_coding
chr3	-	172545	173754	4	172545,173018,173219,173396	172811,173075,173251,173754	ENSMUST00000075523	ENSMUSG00000074489	Bglap3	protein_coding
chr3	-	172545	176666	6	172545,173018,173219,173396,174051,176462	172811,173075,173251,173531,175402,176666	ENSMUST00000107542	ENSMUSG00000074489	Bglap3	protein_coding
chr3	+	179946	180998	3	179946,180262,180727	180044,180412,180998	ENSMUST00000179946	ENSMUSG00000096792	Gm21956	unprocessed_pseudogene
chr3	-	181659	182622	4	181659,182132,182333,182510	181925,182189,182365,182622	ENSMUST00000098956	ENSMUSG00000074486	Bglap2	protein_coding
chr3	+	185695	186767	3	185695,186022,186496	185813,186172,186767	ENSMUST00000107540	ENSMUSG00000078691	Gm6821	unprocessed_pseudogene
chr3	-	187424	188356	4	187424,187897,188098,188275	187690,187954,188130,188356	ENSMUST00000076048	ENSMUSG00000074483	Bglap	protein_coding
chr3	-	187750	188387	3	187750,188098,188275	187954,188130,188387	ENSMUST00000128732	ENSMUSG00000074483	Bglap	protein_coding
chr3	-	198066	214249	3	198066,199828,214079	198493,200023,214249	ENSMUST00000193338	ENSMUSG00000028066	Pmf1	protein_coding
chr3	-	198066	214254	5	198066,199828,203058,203634,214079	198493,200023,203158,203739,214254	ENSMUST00000056370	ENSMUSG00000028066	Pmf1	protein_coding
chr3	-	198302	214188	6	198302,199637,199828,203058,203634,214079	198493,199733,200023,203158,203739,214188	ENSMUST00000192365	ENSMUSG00000028066	Pmf1	protein_coding
chr3	-	199666	200643	1	199666	200643	ENSMUST00000195899	ENSMUSG00000028066	Pmf1	protein_coding
chr3	-	199991	214209	4	199991,203058,203634,214079	200023,203227,203739,214209	ENSMUST00000192909	ENSMUSG00000028066	Pmf1	protein_coding
chr3	-	201288	203633	1	201288	203633	ENSMUST00000198774	ENSMUSG00000028066	Pmf1	protein_coding
chr3	-	203456	214231	2	203456,214079	203739,214231	ENSMUST00000191622	ENSMUSG00000028066	Pmf1	protein_coding
chr3	-	214421	229028	3	214421,224422,228649	216818,225059,229028	ENSMUST00000168755	ENSMUSG00000050144	Slc25a44	protein_coding
chr3	-	214421	229029	4	214421,219909,224422,228767	216818,220036,225059,229029	ENSMUST00000193433	ENSMUSG00000050144	Slc25a44	protein_coding
chr3	-	214422	229033	4	214422,219909,224422,228695	216818,220036,225059,229033	ENSMUST00000195657	ENSMUSG00000050144	Slc25a44	protein_coding
chr3	-	214422	229060	4	214422,219909,224422,228649	216818,220036,225059,229060	ENSMUST00000057935	ENSMUSG00000050144	Slc25a44	protein_coding
chr3	+	232857	233316	1	232857	233316	ENSMUST00000199370	ENSMUSG00000106568	Gm42814	processed_pseudogene
chr3	-	239880	259662	15	239880,241724,242104,242364,244619,251912,253601,253909,254432,255266,255609,255941,256892,258600,259471	241173,241821,242261,242482,244799,252062,253773,254033,254548,255371,255707,256003,257052,258769,259662	ENSMUST00000029700	ENSMUSG00000028064	Sema4a	protein_coding
chr3	-	239883	245060	5	239883,241724,242104,242364,244619	241173,241821,242261,242482,245060	ENSMUST00000156108	ENSMUSG00000028064	Sema4a	protein_coding
chr3	-	239883	252551	6	239883,241724,242104,242364,244619,251912	241173,241821,242261,242482,244799,252551	ENSMUST00000135539	ENSMUSG00000028064	Sema4a	protein_coding
chr3	-	239883	253959	7	239883,241724,242104,242364,244619,251912,253601	241173,241821,242261,242482,244799,252062,253959	ENSMUST00000149145	ENSMUSG00000028064	Sema4a	protein_coding
chr3	-	239883	259620	13	239883,241724,242104,242364,244619,251912,253601,253909,254432,255266,255941,256892,259467	241173,241821,242261,242482,244799,252062,253773,254033,254548,255371,256003,257052,259620	ENSMUST00000107531	ENSMUSG00000028064	Sema4a	protein_coding
chr3	-	239883	265105	15	239883,241724,242104,242364,244619,251912,253601,253909,254432,255266,255609,255941,256892,258600,265070	241173,241821,242261,242482,244799,252062,253773,254033,254548,255371,255707,256003,257052,258769,265105	ENSMUST00000166237	ENSMUSG00000028064	Sema4a	protein_coding
chr3	-	239883	263024	15	239883,241724,242104,242364,244619,251912,253601,253909,254432,255266,255609,255941,256892,258600,262910	241173,241821,242261,242482,244799,252062,253773,254033,254548,255371,255707,256003,257052,258769,263024	ENSMUST00000165898	ENSMUSG00000028064	Sema4a	protein_coding
chr3	-	239883	262807	15	239883,241724,242104,242364,244619,251912,253601,253909,254432,255266,255609,255941,256892,258600,262734	241173,241821,242261,242482,244799,252062,253773,254033,254548,255371,255707,256003,257052,258769,262807	ENSMUST00000169222	ENSMUSG00000028064	Sema4a	protein_coding
chr3	-	253607	255371	5	253607,253909,254432,254684,255266	253773,254033,254548,254867,255371	ENSMUST00000185137	ENSMUSG00000028064	Sema4a	protein_coding
chr3	-	253745	255707	4	253745,253909,254432,255266	253773,254033,254548,255707	ENSMUST00000135732	ENSMUSG00000028064	Sema4a	protein_coding
chr3	-	253956	259237	8	253956,254432,255266,255609,255941,256892,258600,259181	254033,254548,255388,255707,256003,257052,258769,259237	ENSMUST00000184487	ENSMUSG00000028064	Sema4a	protein_coding
chr3	-	254018	263024	8	254018,254432,255266,255609,255941,256892,258600,262910	254033,254548,255371,255707,256003,257052,258769,263024	ENSMUST00000127436	ENSMUSG00000028064	Sema4a	protein_coding
chr3	-	254489	262953	7	254489,255266,255609,255941,256892,258600,262910	254548,255418,255707,256003,257052,258769,262953	ENSMUST00000184876	ENSMUSG00000028064	Sema4a	protein_coding
chr3	-	254506	262799	7	254506,255266,255609,255941,256892,258600,262734	254548,255371,255707,256003,257052,258769,262799	ENSMUST00000147200	ENSMUSG00000028064	Sema4a	protein_coding
chr3	-	255965	259228	5	255965,256892,258600,259003,259204	256003,257052,258769,259115,259228	ENSMUST00000125526	ENSMUSG00000028064	Sema4a	protein_coding
chr3	-	256752	258765	2	256752,258600	257052,258765	ENSMUST00000184972	ENSMUSG00000028064	Sema4a	protein_coding
chr3	-	257010	260338	4	257010,258600,259471,260057	257052,258769,259607,260338	ENSMUST00000141471	ENSMUSG00000028064	Sema4a	protein_coding
chr3	-	258686	260359	2	258686,260057	258769,260359	ENSMUST00000123753	ENSMUSG00000028064	Sema4a	protein_coding
chr3	-	259648	260359	2	259648,260057	259715,260359	ENSMUST00000146921	ENSMUSG00000028064	Sema4a	protein_coding
chr3	-	244800	244872	1	244800	244872	ENSMUST00000183768	ENSMUSG00000098655	Mir7011	miRNA
chr3	+	278507	279076	1	278507	279076	ENSMUST00000193850	ENSMUSG00000103304	Gm5979	unprocessed_pseudogene
chr3	-	284074	288534	3	284074,287754,287974	287340,287873,288534	ENSMUST00000147537	ENSMUSG00000028063	Lmna	protein_coding
chr3	-	285075	307262	12	285075,286273,287245,287754,287974,288542,288854,290131,290387,290735,292202,306675	286027,286539,287340,287873,288081,288764,289074,290256,290557,290860,292358,307262	ENSMUST00000029699	ENSMUSG00000028063	Lmna	protein_coding
chr3	-	285773	307264	6	285773,286273,287245,287754,287974,307181	286027,286539,287340,287873,288052,307264	ENSMUST00000135494	ENSMUSG00000028063	Lmna	protein_coding
chr3	-	286004	286791	2	286004,286273	286027,286791	ENSMUST00000150496	ENSMUSG00000028063	Lmna	protein_coding
chr3	-	287132	307234	10	287132,287754,287974,288542,288854,290131,290387,290735,292202,306675	287340,287873,288081,288764,289074,290256,290557,290860,292358,307234	ENSMUST00000120377	ENSMUSG00000028063	Lmna	protein_coding
chr3	-	287133	297239	10	287133,287754,287974,288542,288854,290131,290387,290735,292202,297164	287340,287873,288081,288764,289074,290256,290557,290860,292358,297239	ENSMUST00000036252	ENSMUSG00000028063	Lmna	protein_coding
chr3	-	306680	313883	3	306680,308096,313808	307313,308170,313883	ENSMUST00000149068	ENSMUSG00000028063	Lmna	protein_coding
chr3	-	329993	331282	1	329993	331282	ENSMUST00000193595	ENSMUSG00000103115	Gm37584	lincRNA
chr3	+	336322	345323	2	336322,340000	336775,345323	ENSMUST00000172699	ENSMUSG00000074480	Mex3a	protein_coding
chr3	-	340228	340309	1	340228	340309	ENSMUST00000122779	ENSMUSG00000084728	Mir1905	miRNA
chr3	-	345956	352227	5	345956,346628,347247,348988,351960	346297,346708,347440,349183,352227	ENSMUST00000008745	ENSMUSG00000008601	Rab25	protein_coding
chr3	-	346236	352176	6	346236,346628,347247,348988,351549,351960	346297,346708,347440,349183,351695,352176	ENSMUST00000131775	ENSMUSG00000008601	Rab25	protein_coding
chr3	-	346603	347441	2	346603,347247	346708,347441	ENSMUST00000141371	ENSMUSG00000008601	Rab25	protein_coding
chr3	-	348569	352209	2	348569,351960	349183,352209	ENSMUST00000149724	ENSMUSG00000008601	Rab25	protein_coding
chr3	-	353746	355021	2	353746,354623	353931,355021	ENSMUST00000145548	ENSMUSG00000028062	Lamtor2	protein_coding
chr3	-	353746	356951	4	353746,354623,356282,356723	353931,354712,356444,356951	ENSMUST00000029698	ENSMUSG00000028062	Lamtor2	protein_coding
chr3	-	353747	356786	4	353747,354623,356282,356657	353931,354712,356444,356786	ENSMUST00000119002	ENSMUSG00000028062	Lamtor2	protein_coding
chr3	-	353748	356820	3	353748,354623,356657	353931,354712,356820	ENSMUST00000156421	ENSMUSG00000028062	Lamtor2	protein_coding
chr3	-	356157	357001	2	356157,356723	356444,357001	ENSMUST00000145172	ENSMUSG00000028062	Lamtor2	protein_coding
chr3	+	357685	373652	11	357685,359265,359717,360584,363545,367035,368297,368934,369140,369618,372008	357839,359416,359919,360846,363703,367260,368436,369017,369255,369804,373652	ENSMUST00000008748	ENSMUSG00000008604	Ubqln4	protein_coding
chr3	+	357691	367487	6	357691,359265,359717,360584,363545,367035	357839,359416,359919,360846,363703,367487	ENSMUST00000194303	ENSMUSG00000008604	Ubqln4	protein_coding
chr3	+	357723	360765	4	357723,359329,359717,360584	357839,359416,359919,360765	ENSMUST00000192962	ENSMUSG00000008604	Ubqln4	protein_coding
chr3	+	360630	368441	2	360630,368297	360846,368441	ENSMUST00000192687	ENSMUSG00000008604	Ubqln4	protein_coding
chr3	+	367834	369201	2	367834,368934	368436,369201	ENSMUST00000195498	ENSMUSG00000008604	Ubqln4	protein_coding
chr3	+	379803	387800	5	379803,380427,383807,384901,387704	379907,380530,383961,384999,387800	ENSMUST00000192688	ENSMUSG00000041355	Ssr2	protein_coding
chr3	+	379866	383910	5	379866,380166,380427,381022,383807	379907,380308,380530,381123,383910	ENSMUST00000193069	ENSMUSG00000041355	Ssr2	protein_coding
chr3	+	379876	383903	3	379876,380166,383807	379907,380530,383903	ENSMUST00000194604	ENSMUSG00000041355	Ssr2	protein_coding
chr3	+	383535	392346	6	383535,383807,384901,387704,390792,391808	383613,383961,384999,387812,390869,392346	ENSMUST00000195014	ENSMUSG00000041355	Ssr2	protein_coding
chr3	+	383568	391946	6	383568,383807,384901,387727,390792,391808	383613,383961,384965,387812,390869,391946	ENSMUST00000193934	ENSMUSG00000041355	Ssr2	protein_coding
chr3	+	383594	391960	6	383594,383807,384901,387664,390792,391808	383613,383961,384965,387812,390869,391960	ENSMUST00000192495	ENSMUSG00000041355	Ssr2	protein_coding
chr3	+	383598	392346	5	383598,384901,387704,390792,391808	383961,384999,387812,390869,392346	ENSMUST00000035785	ENSMUSG00000041355	Ssr2	protein_coding
chr3	-	380337	381066	1	380337	381066	ENSMUST00000098952	ENSMUSG00000074479	Gm10704	processed_pseudogene
chr3	+	409893	411780	2	409893,411722	410240,411780	ENSMUST00000212392	ENSMUSG00000028059	Arhgef2	protein_coding
chr3	+	411381	418504	3	411381,411722,418434	411507,411866,418504	ENSMUST00000176226	ENSMUSG00000028059	Arhgef2	protein_coding
chr3	+	411586	421266	5	411586,418434,419409,420488,421176	411866,418551,419448,420581,421266	ENSMUST00000175749	ENSMUSG00000028059	Arhgef2	protein_coding
chr3	+	411718	450856	25	411718,418434,419409,420488,433714,435838,436203,436840,437185,437433,438337,438910,439528,439782,442198,443250,444210,446353,446853,447076,447272,447489,447717,450104,450717	411866,418551,419448,420581,433858,435905,436266,436969,437294,437573,438587,439035,439645,440030,442274,443419,444277,446553,446966,447143,447307,447539,448160,450287,450856	ENSMUST00000175903	ENSMUSG00000028059	Arhgef2	protein_coding
chr3	+	418348	421428	4	418348,419409,420488,421176	418551,419448,420581,421428	ENSMUST00000176514	ENSMUSG00000028059	Arhgef2	protein_coding
chr3	+	418536	437522	9	418536,419409,420488,433714,435838,436203,436840,437185,437427	418551,419448,420581,433858,435905,436260,436969,437294,437522	ENSMUST00000177023	ENSMUSG00000028059	Arhgef2	protein_coding
chr3	+	419294	438426	9	419294,420488,433714,435838,436203,436840,437185,437427,438337	419448,420581,433858,435905,436266,436969,437294,437573,438426	ENSMUST00000176539	ENSMUSG00000028059	Arhgef2	protein_coding
chr3	+	420070	451459	23	420070,420488,433714,435838,436203,436840,437185,437427,438337,438910,439528,439782,442198,443250,444210,446353,446853,447076,447272,447489,447717,450104,450717	420383,420581,433858,435905,436260,436969,437294,437573,438587,439035,439645,440030,442274,443419,444277,446553,446966,447143,447307,447539,448160,450287,451459	ENSMUST00000177498	ENSMUSG00000028059	Arhgef2	protein_coding
chr3	+	420070	451979	23	420070,420488,433714,435838,436203,436840,437185,437427,438337,438910,439528,439782,442198,443250,444210,446353,446853,447076,447272,447489,447717,450104,450717	420383,420581,433858,435905,436266,436969,437294,437573,438587,439035,439645,440030,442274,443419,444277,446553,446966,447143,447307,447539,448160,450287,451979	ENSMUST00000176500	ENSMUSG00000028059	Arhgef2	protein_coding
chr3	+	420444	450822	22	420444,433714,435838,436203,436840,437185,437427,438337,438910,439528,439782,442198,443250,444210,446353,446853,447076,447272,447489,447717,450104,450717	420581,433858,435905,436266,436969,437294,437573,438587,439035,439645,440030,442274,443419,444277,446553,446966,447143,447307,447539,448160,450287,450822	ENSMUST00000175779	ENSMUSG00000028059	Arhgef2	protein_coding
chr3	+	425033	451979	22	425033,433714,435838,436203,436840,437185,437427,438337,438910,439528,439782,442198,443250,444210,446353,446853,447076,447272,447489,447717,450104,450717	425248,433858,435905,436266,436969,437294,437573,438587,439035,439645,440030,442274,443419,444277,446553,446966,447143,447307,447539,448160,450287,451979	ENSMUST00000029694	ENSMUSG00000028059	Arhgef2	protein_coding
chr3	+	425052	450790	22	425052,433714,435838,436203,436840,437185,437433,438337,438910,439528,439782,442198,443250,444210,446353,446853,447076,447272,447489,447717,450104,450717	425248,433858,435905,436266,436969,437294,437573,438587,439035,439645,440030,442274,443419,444277,446553,446966,447143,447307,447539,448160,450287,450790	ENSMUST00000176804	ENSMUSG00000028059	Arhgef2	protein_coding
chr3	+	425065	443463	13	425065,433714,435838,436203,436840,437185,437427,438337,438910,439528,439782,442198,443250	425248,433858,435905,436266,436969,437294,437573,438587,439035,439645,440030,442274,443463	ENSMUST00000177418	ENSMUSG00000028059	Arhgef2	protein_coding
chr3	+	425219	451977	22	425219,433714,435838,436203,436840,437185,437427,438337,438910,439528,439782,442198,443250,444210,446353,446853,447076,447272,447489,447717,450104,450717	425526,433858,435905,436266,436969,437294,437573,438587,439035,439645,440030,442274,443419,444277,446553,446966,447143,447307,447539,448160,450287,451977	ENSMUST00000107510	ENSMUSG00000028059	Arhgef2	protein_coding
chr3	+	425363	451975	22	425363,433714,435838,436203,436840,437185,437427,438337,438910,439528,439782,442198,443250,444210,446353,446853,447076,447272,447489,447717,450104,450717	425526,433858,435905,436260,436969,437294,437573,438587,439035,439645,440030,442274,443419,444277,446553,446966,447143,447307,447539,448160,450287,451975	ENSMUST00000170653	ENSMUSG00000028059	Arhgef2	protein_coding
chr3	+	425387	438389	7	425387,433714,435838,436203,436840,437427,438337	425526,433858,435905,436266,437294,437573,438389	ENSMUST00000176401	ENSMUSG00000028059	Arhgef2	protein_coding
chr3	+	425475	436987	4	425475,433714,435838,436840	425526,433858,436260,436987	ENSMUST00000176400	ENSMUSG00000028059	Arhgef2	protein_coding
chr3	+	425482	450856	22	425482,433714,435838,436203,436840,437185,437433,438337,438910,439528,439782,442198,443250,444210,446353,446853,447076,447272,447489,447717,450104,450717	425526,433858,435905,436266,436969,437294,437573,438587,439035,439645,440030,442274,443419,444277,446553,446966,447143,447307,447539,448160,450287,450856	ENSMUST00000177303	ENSMUSG00000028059	Arhgef2	protein_coding
chr3	+	426386	436853	5	426386,433714,435838,436203,436840	426524,433858,435905,436260,436853	ENSMUST00000176307	ENSMUSG00000028059	Arhgef2	protein_coding
chr3	+	426848	444635	16	426848,433427,433714,435838,436203,436840,437185,437427,438337,438910,439528,439782,442198,443250,444210,444403	426857,433490,433858,435905,436266,436969,437294,437573,438587,439035,439645,440030,442274,443419,444277,444635	ENSMUST00000175911	ENSMUSG00000028059	Arhgef2	protein_coding
chr3	+	427281	437544	7	427281,433714,435838,436203,436840,437185,437427	427323,433858,435905,436260,436969,437294,437544	ENSMUST00000176243	ENSMUSG00000028059	Arhgef2	protein_coding
chr3	+	433369	436903	5	433369,433714,435838,436203,436840	433490,433858,435905,436266,436903	ENSMUST00000176316	ENSMUSG00000028059	Arhgef2	protein_coding
chr3	+	433396	436028	3	433396,433714,435838	433490,433858,436028	ENSMUST00000177120	ENSMUSG00000028059	Arhgef2	protein_coding
chr3	+	433400	436919	5	433400,433714,435838,436203,436840	433490,433858,435905,436260,436919	ENSMUST00000176879	ENSMUSG00000028059	Arhgef2	protein_coding
chr3	+	433498	436261	4	433498,433714,435838,436203	433617,433858,435905,436261	ENSMUST00000175745	ENSMUSG00000028059	Arhgef2	protein_coding
chr3	+	435838	438589	6	435838,436203,436840,437222,437427,438337	435905,436266,436969,437294,437573,438589	ENSMUST00000176528	ENSMUSG00000028059	Arhgef2	protein_coding
chr3	+	436123	437517	4	436123,436840,437185,437427	436266,436969,437294,437517	ENSMUST00000176079	ENSMUSG00000028059	Arhgef2	protein_coding
chr3	+	436660	437565	3	436660,437185,437427	436969,437294,437565	ENSMUST00000176123	ENSMUSG00000028059	Arhgef2	protein_coding
chr3	+	436845	441743	5	436845,438337,438910,439528,439782	437573,438587,439035,439645,441743	ENSMUST00000177091	ENSMUSG00000028059	Arhgef2	protein_coding
chr3	+	438250	439003	2	438250,438910	438587,439003	ENSMUST00000176301	ENSMUSG00000028059	Arhgef2	protein_coding
chr3	+	446353	447839	5	446353,446853,447272,447489,447717	446553,447143,447307,447539,447839	ENSMUST00000177099	ENSMUSG00000028059	Arhgef2	protein_coding
chr3	+	447859	450892	4	447859,448014,450104,450717	447883,448160,450287,450892	ENSMUST00000176272	ENSMUSG00000028059	Arhgef2	protein_coding
chr3	-	420384	424988	3	420384,421818,424958	420593,421959,424988	ENSMUST00000177314	ENSMUSG00000093390	Gm20652	antisense
chr3	-	455825	457069	1	455825	457069	ENSMUST00000063119	ENSMUSG00000049741	Rxfp4	protein_coding
chr3	-	488951	490324	2	488951,490265	490094,490324	ENSMUST00000198351	ENSMUSG00000105512	Gm43714	antisense
chr3	+	489730	516850	14	489730,490271,493102,493551,497003,497348,500492,502776,503878,504188,512707,513757,514688,515556	489814,490493,493230,493630,497055,497511,500703,502836,503935,504441,512868,513869,514779,516850	ENSMUST00000029696	ENSMUSG00000028060	Khdc4	protein_coding
chr3	+	489741	491989	2	489741,490271	489814,491989	ENSMUST00000200588	ENSMUSG00000028060	Khdc4	protein_coding
chr3	+	489754	516488	14	489754,490271,493102,493551,497003,497348,500492,502776,503878,504188,512707,513785,514688,515556	489814,490493,493230,493630,497055,497511,500703,502836,503935,504441,512868,513869,514779,516488	ENSMUST00000198042	ENSMUSG00000028060	Khdc4	protein_coding
chr3	+	489754	516780	13	489754,490271,493102,493551,497003,497348,500492,502776,503878,504188,512707,513785,514688	489814,490493,493230,493630,497055,497511,500703,502836,503935,504441,512868,513869,516780	ENSMUST00000199684	ENSMUSG00000028060	Khdc4	protein_coding
chr3	+	489760	505540	10	489760,490271,493102,493551,497003,497348,500492,502776,503878,504188	489814,490493,493230,493630,497055,497511,500703,502836,503935,505540	ENSMUST00000200364	ENSMUSG00000028060	Khdc4	protein_coding
chr3	+	489764	515929	14	489764,490271,493102,493551,497003,497348,500492,502776,503878,504292,512707,513757,514688,515556	489814,490493,493230,493630,497055,497511,500703,502836,503935,504441,512868,513869,514779,515929	ENSMUST00000198078	ENSMUSG00000028060	Khdc4	protein_coding
chr3	+	497368	512835	6	497368,500492,502776,503878,504289,512707	497511,500703,502836,503935,504441,512835	ENSMUST00000197300	ENSMUSG00000028060	Khdc4	protein_coding
chr3	+	502766	504843	3	502766,503878,504289	502836,503935,504843	ENSMUST00000200438	ENSMUSG00000028060	Khdc4	protein_coding
chr3	+	503567	512914	3	503567,504292,512707	503935,504441,512914	ENSMUST00000198721	ENSMUSG00000028060	Khdc4	protein_coding
chr3	+	512707	515011	3	512707,513785,514688	512868,513869,515011	ENSMUST00000200622	ENSMUSG00000028060	Khdc4	protein_coding
chr3	+	497857	497984	1	497857	497984	ENSMUST00000197479	ENSMUSG00000105448	Gm25820	scaRNA
chr3	+	497858	497984	1	497858	497984	ENSMUST00000198589	ENSMUSG00000105288	Gm25820	scaRNA
chr3	+	511085	511219	1	511085	511219	ENSMUST00000122484	ENSMUSG00000084433	Gm25945	snoRNA
chr3	+	520764	533655	6	520764,521252,521528,529921,530206,533038	520883,521396,521584,529994,530397,533655	ENSMUST00000029692	ENSMUSG00000028057	Rit1	protein_coding
chr3	+	520802	530295	5	520802,521252,521528,529921,530206	520895,521396,521584,529994,530295	ENSMUST00000171645	ENSMUSG00000028057	Rit1	protein_coding
chr3	+	520807	521933	3	520807,521252,521528	520883,521396,521933	ENSMUST00000165846	ENSMUSG00000028057	Rit1	protein_coding
chr3	+	520820	534969	6	520820,521252,521528,529921,530206,533038	520883,521396,521584,530105,530397,534969	ENSMUST00000170377	ENSMUSG00000028057	Rit1	protein_coding
chr3	+	520824	534977	5	520824,521252,521528,529921,533038	520883,521396,521584,530397,534977	ENSMUST00000166234	ENSMUSG00000028057	Rit1	protein_coding
chr3	+	520825	533476	6	520825,521252,521499,529921,530206,533038	520883,521396,521584,529994,530397,533476	ENSMUST00000172333	ENSMUSG00000028057	Rit1	protein_coding
chr3	+	520832	533484	5	520832,521528,529921,530206,533038	520883,521584,529994,530397,533484	ENSMUST00000172252	ENSMUSG00000028057	Rit1	protein_coding
chr3	+	520837	530245	4	520837,521252,529921,530206	520883,521584,529994,530245	ENSMUST00000172187	ENSMUSG00000028057	Rit1	protein_coding
chr3	+	526016	526596	2	526016,526446	526236,526596	ENSMUST00000108464	ENSMUSG00000091881	Gm17146	antisense
chr3	-	542681	543620	1	542681	543620	ENSMUST00000194270	ENSMUSG00000104333	Gm10253	TEC
chr3	-	548628	555979	3	548628,552707,555840	551938,552830,555979	ENSMUST00000107503	ENSMUSG00000068923	Syt11	protein_coding
chr3	-	548628	579092	5	548628,552707,565654,576219,579032	551938,552830,566477,576918,579092	ENSMUST00000107505	ENSMUSG00000068923	Syt11	protein_coding
chr3	-	548629	576527	4	548629,552707,565654,576219	551938,552830,566477,576527	ENSMUST00000090945	ENSMUSG00000068923	Syt11	protein_coding
chr3	-	551400	566312	3	551400,552710,565654	551938,552830,566312	ENSMUST00000183267	ENSMUSG00000068923	Syt11	protein_coding
chr3	-	576642	579080	2	576642,579032	576963,579080	ENSMUST00000130869	ENSMUSG00000068923	Syt11	protein_coding
chr3	+	579144	629515	19	579144,580912,588236,592265,593286,599392,603543,611835,612481,614597,615942,617612,619560,619938,623593,623976,627470,628278,629318	579202,581442,588427,592366,593326,599415,603646,612030,612570,614765,616086,617762,619676,621693,623714,625727,627725,628462,629515	ENSMUST00000135913	ENSMUSG00000078684	5830417I10Rik	unprocessed_pseudogene
chr3	-	586871	636475	3	586871,629060,636192	588438,629342,636475	ENSMUST00000184014	ENSMUSG00000098912	1500004A13Rik	processed_transcript
chr3	-	604610	636415	3	604610,615142,636192	605120,615297,636415	ENSMUST00000183374	ENSMUSG00000098912	1500004A13Rik	processed_transcript
chr3	-	604616	636296	2	604616,636192	605120,636296	ENSMUST00000184640	ENSMUSG00000098912	1500004A13Rik	processed_transcript
chr3	-	609217	636429	4	609217,614566,615142,636192	612200,614930,615297,636429	ENSMUST00000183966	ENSMUSG00000098912	1500004A13Rik	processed_transcript
chr3	-	610947	636440	3	610947,615142,636192	612200,615297,636440	ENSMUST00000185189	ENSMUSG00000098912	1500004A13Rik	processed_transcript
chr3	-	623573	636475	2	623573,636192	629342,636475	ENSMUST00000183707	ENSMUSG00000098912	1500004A13Rik	processed_transcript
chr3	-	625198	636305	3	625198,629060,636192	625623,629342,636305	ENSMUST00000184958	ENSMUSG00000098912	1500004A13Rik	processed_transcript
chr3	-	628410	636386	3	628410,629060,636192	628507,629342,636386	ENSMUST00000184170	ENSMUSG00000098912	1500004A13Rik	processed_transcript
chr3	-	633976	636459	1	633976	636459	ENSMUST00000184013	ENSMUSG00000098912	1500004A13Rik	processed_transcript
chr3	+	639159	714031	32	639159,640918,650316,658533,659554,659743,661056,662315,662817,667348,672678,673731,679835,683999,690834,691487,693599,694741,696446,698370,698748,702033,702818,703858,705506,706685,706910,709380,711300,711917,712615,713166	639224,641448,650507,658723,659628,659793,661154,662434,662987,667540,672779,673771,679858,684102,691032,691573,693767,694885,696596,698486,700499,702288,703002,704055,705649,706828,707029,709490,711510,712535,712717,714031	ENSMUST00000107498	ENSMUSG00000054199	Gon4l	protein_coding
chr3	+	640944	714026	31	640944,650316,658533,659554,659743,661056,662315,662817,667348,672678,673731,679835,683999,690834,691487,693599,694741,696446,698370,698748,702033,702818,703858,705506,706685,706910,709380,711300,711917,712615,713166	641448,650507,658723,659628,659793,661154,662434,662987,667540,672779,673771,679858,684102,691032,691573,693767,694885,696596,698486,700499,702288,703002,704055,705649,706828,707029,709490,711510,712535,712717,714026	ENSMUST00000081695	ENSMUSG00000054199	Gon4l	protein_coding
chr3	+	640944	714026	31	640944,650316,658530,659554,659743,661056,662315,662817,667348,672678,673731,683227,683988,690834,691487,693599,694741,696446,698370,698748,702033,702818,703858,705506,706685,706910,709380,711300,711917,712615,713166	641448,650507,658723,659628,659793,661154,662434,662987,667540,672779,673771,683239,684102,691032,691573,693767,694885,696596,698486,700499,702288,703002,704055,705649,706828,707029,709490,711510,712535,712717,714026	ENSMUST00000090942	ENSMUSG00000054199	Gon4l	protein_coding
chr3	+	659592	694821	14	659592,659743,660347,661056,662315,662817,667348,672678,673731,683999,690834,691487,693599,694741	659628,659793,660397,661154,662434,662987,667540,672779,673771,684102,691032,691573,693767,694821	ENSMUST00000212694	ENSMUSG00000054199	Gon4l	protein_coding
chr3	+	694363	704427	6	694363,696446,698370,698748,702033,703858	694885,696596,698486,700499,703002,704427	ENSMUST00000198113	ENSMUSG00000054199	Gon4l	protein_coding
chr3	-	648953	703929	2	648953,703600	650518,703929	ENSMUST00000198251	ENSMUSG00000106218	Gm43713	antisense
chr3	+	666847	667008	1	666847	667008	ENSMUST00000082804	ENSMUSG00000064738	Gm23054	snRNA
chr3	-	709035	717859	15	709035,713667,714058,714242,714554,714811,715215,715465,715692,715954,716165,716631,716786,717495,717721	709448,713838,714167,714346,714738,714942,715367,715599,715809,716041,716228,716706,716851,717630,717859	ENSMUST00000107494	ENSMUSG00000068922	Msto1	protein_coding
chr3	-	712555	716002	6	712555,714554,715215,715465,715692,715954	714346,714942,715367,715599,715809,716002	ENSMUST00000137243	ENSMUSG00000068922	Msto1	protein_coding
chr3	-	713543	717927	14	713543,714058,714242,714554,714811,715215,715465,715692,715954,716165,716631,716786,717495,717721	713838,714167,714346,714738,714942,715367,715599,715809,716041,716228,716706,716855,717630,717927	ENSMUST00000126245	ENSMUSG00000068922	Msto1	protein_coding
chr3	-	713572	717831	3	713572,715215,715465	714942,715367,717831	ENSMUST00000147828	ENSMUSG00000068922	Msto1	protein_coding
chr3	-	715287	717810	9	715287,715465,715692,715954,716165,716552,716786,717495,717721	715367,715599,715809,716041,716228,716706,716855,717630,717810	ENSMUST00000128988	ENSMUSG00000068922	Msto1	protein_coding
chr3	+	710438	710556	1	710438	710556	ENSMUST00000083302	ENSMUSG00000065236	n-R5s197	rRNA
chr3	-	724731	754344	13	724731,729222,730200,730939,732137,732377,733326,734406,734842,737495,740079,746705,753798	727841,729339,730289,730998,732297,732457,733456,734498,734950,737596,740183,746758,754344	ENSMUST00000090938	ENSMUSG00000068921	Dap3	protein_coding
chr3	-	727563	729470	2	727563,729222	727841,729470	ENSMUST00000173711	ENSMUSG00000068921	Dap3	protein_coding
chr3	-	727563	753881	12	727563,729222,730939,732137,732377,733326,734406,734842,737495,740079,746705,753798	727841,729339,730998,732297,732457,733456,734498,734950,737596,740183,746758,753881	ENSMUST00000107491	ENSMUSG00000068921	Dap3	protein_coding
chr3	-	727690	734915	7	727690,729222,730200,730939,733326,734406,734842	727841,729339,730289,730998,733456,734498,734915	ENSMUST00000174571	ENSMUSG00000068921	Dap3	protein_coding
chr3	-	727726	734948	8	727726,729222,730200,730939,732377,733326,734406,734842	727841,729339,730289,730998,732457,733456,734498,734948	ENSMUST00000173094	ENSMUSG00000068921	Dap3	protein_coding
chr3	-	727756	755111	13	727756,729222,730200,730939,732137,732377,733326,734406,734842,737495,740079,746705,754891	727841,729339,730289,730998,732297,732457,733456,734498,734950,737596,740183,746758,755111	ENSMUST00000173135	ENSMUSG00000068921	Dap3	protein_coding
chr3	-	732404	754228	8	732404,733326,734406,734842,737495,740079,746705,754046	732457,733456,734498,734950,737596,740183,746758,754228	ENSMUST00000174077	ENSMUSG00000068921	Dap3	protein_coding
chr3	-	732438	755038	8	732438,733326,734406,734842,737495,740079,746705,754799	732457,733456,734498,734950,737596,740183,746758,755038	ENSMUST00000173021	ENSMUSG00000068921	Dap3	protein_coding
chr3	-	733373	754201	7	733373,734406,734842,737495,740079,753798,754046	733456,734498,734950,737596,740183,753871,754201	ENSMUST00000174402	ENSMUSG00000068921	Dap3	protein_coding
chr3	-	733421	753836	6	733421,734406,734842,740079,746705,753798	733456,734498,734950,740183,746758,753836	ENSMUST00000172942	ENSMUSG00000068921	Dap3	protein_coding
chr3	-	737533	742451	3	737533,740079,741996	737596,740183,742451	ENSMUST00000174491	ENSMUSG00000068921	Dap3	protein_coding
chr3	-	752983	754967	3	752983,753490,754799	753272,753871,754967	ENSMUST00000188259	ENSMUSG00000068921	Dap3	protein_coding
chr3	-	754574	755039	2	754574,754891	754812,755039	ENSMUST00000172790	ENSMUSG00000068921	Dap3	protein_coding
chr3	+	754552	883305	28	754552,769742,785163,805703,811072,826961,830342,837189,839147,839303,847049,847427,855919,856673,857007,858293,862418,867581,867716,870102,871085,872917,874158,874404,876376,878655,879906,880921	754925,770258,789720,805804,811807,827140,830436,837262,839192,839411,847255,847573,856027,856837,857101,858447,862570,867635,867848,870350,871171,873007,874296,874576,876542,878695,880207,883305	ENSMUST00000186583	ENSMUSG00000028053	Ash1l	protein_coding
chr3	+	769742	883303	27	769742,785163,805703,811072,826961,830342,837189,839147,839303,847049,847427,855919,856673,857007,858293,862418,867581,867716,870102,871085,872917,874158,874404,876376,878655,879906,880921	770258,789720,805804,811807,827140,830436,837262,839192,839411,847255,847573,856027,856837,857101,858447,862570,867635,867848,870350,871171,873007,874296,874576,876542,878695,880207,883303	ENSMUST00000090933	ENSMUSG00000028053	Ash1l	protein_coding
chr3	+	827113	832198	2	827113,830342	827140,832198	ENSMUST00000198846	ENSMUSG00000028053	Ash1l	protein_coding
chr3	+	856732	859710	2	856732,858293	857101,859710	ENSMUST00000189824	ENSMUSG00000028053	Ash1l	protein_coding
chr3	-	774553	774659	1	774553	774659	ENSMUST00000178517	ENSMUSG00000095712	Gm26465	snRNA
chr3	-	852928	853057	1	852928	853057	ENSMUST00000104616	ENSMUSG00000077804	Gm24403	snoRNA
chr3	-	885869	905029	19	885869,888439,890703,891649,892730,892930,893107,893415,893599,895962,897577,898382,898790,898944,899284,899529,903230,904599,904851	885935,888580,890825,892198,892776,893035,893281,893491,893697,896086,897773,898459,898862,899032,899406,899609,903370,904761,905029	ENSMUST00000200659	ENSMUSG00000105204	Gm43738	protein_coding
chr3	-	887911	893975	9	887911,890703,891649,892730,892930,893107,893415,893599,893901	888580,890825,892198,892776,893035,893281,893491,893697,893975	ENSMUST00000166687	ENSMUSG00000041263	Rusc1	protein_coding
chr3	-	887911	897220	11	887911,890703,891649,892730,892930,893107,893415,893599,894426,895068,897197	888580,890825,892198,892776,893035,893281,893491,893697,894836,896491,897220	ENSMUST00000090929	ENSMUSG00000041263	Rusc1	protein_coding
chr3	-	887911	897241	10	887911,890703,891649,892730,892930,893107,893415,893599,895068,897197	888580,890825,892198,892776,893035,893281,893491,893697,896491,897241	ENSMUST00000052539	ENSMUSG00000041263	Rusc1	protein_coding
chr3	-	891051	893671	1	891051	893671	ENSMUST00000200357	ENSMUSG00000041263	Rusc1	protein_coding
chr3	-	892151	893905	6	892151,892730,892930,893107,893415,893599	892198,892776,893035,893281,893491,893905	ENSMUST00000196223	ENSMUSG00000041263	Rusc1	protein_coding
chr3	-	892985	893685	3	892985,893107,893599	893035,893491,893685	ENSMUST00000198506	ENSMUSG00000041263	Rusc1	protein_coding
chr3	-	893169	893905	4	893169,893415,893599,893851	893281,893491,893697,893905	ENSMUST00000196043	ENSMUSG00000041263	Rusc1	protein_coding
chr3	-	897518	905818	11	897518,898161,898382,898790,898944,899284,899529,903230,904599,904851,905792	897773,898295,898459,898862,899032,899406,899609,903370,904761,905066,905818	ENSMUST00000196709	ENSMUSG00000059743	Fdps	protein_coding
chr3	-	897518	905889	10	897518,898161,898382,898790,898944,899284,899529,903230,904599,905792	897773,898295,898459,898862,899032,899406,899609,903370,904761,905889	ENSMUST00000081848	ENSMUSG00000059743	Fdps	protein_coding
chr3	-	897679	899609	7	897679,898161,898382,898790,898944,899284,899529	897773,898295,898507,898862,899032,899406,899609	ENSMUST00000196254	ENSMUSG00000059743	Fdps	protein_coding
chr3	-	898986	899913	3	898986,899284,899529	899032,899406,899913	ENSMUST00000200433	ENSMUSG00000059743	Fdps	protein_coding
chr3	-	899294	905245	5	899294,899529,903230,904599,904851	899406,899609,903370,904761,905245	ENSMUST00000196921	ENSMUSG00000059743	Fdps	protein_coding
chr3	-	899529	905782	4	899529,903230,904599,905686	899609,903370,904761,905782	ENSMUST00000199668	ENSMUSG00000059743	Fdps	protein_coding
chr3	-	902869	905821	1	902869	905821	ENSMUST00000198239	ENSMUSG00000059743	Fdps	protein_coding
chr3	-	901840	901943	1	901840	901943	ENSMUST00000103960	ENSMUSG00000077148	Gm22935	snRNA
chr3	+	920654	920906	1	920654	920906	ENSMUST00000196011	ENSMUSG00000105654	Gm29704	processed_pseudogene
chr3	+	940072	950524	11	940072,941154,945245,945436,945693,946136,946522,946892,947140,948756,949397	940212,941336,945336,945567,945879,946406,946672,947044,947306,948937,950524	ENSMUST00000047111	ENSMUSG00000041237	Pklr	protein_coding
chr3	+	940104	941389	2	940104,941154	940212,941389	ENSMUST00000151591	ENSMUSG00000041237	Pklr	protein_coding
chr3	+	940502	950714	11	940502,941154,945245,945436,945693,946136,946522,946892,947140,948756,949397	940567,941336,945336,945567,945879,946406,946672,947044,947306,948937,950714	ENSMUST00000107482	ENSMUSG00000041237	Pklr	protein_coding
chr3	+	940509	945469	4	940509,941154,945245,945436	940548,941336,945336,945469	ENSMUST00000127058	ENSMUSG00000041237	Pklr	protein_coding
chr3	+	940553	944842	4	940553,941154,941539,944781	940567,941336,941616,944842	ENSMUST00000148097	ENSMUSG00000041237	Pklr	protein_coding
chr3	-	950004	964126	8	950004,952647,953746,954285,954792,955355,956561,963715	952229,952811,953986,954431,955010,955516,956990,964126	ENSMUST00000029686	ENSMUSG00000028051	Hcn3	protein_coding
chr3	-	952662	955162	4	952662,953746,954285,954792	952811,953986,954431,955162	ENSMUST00000132156	ENSMUSG00000028051	Hcn3	protein_coding
chr3	-	952779	955144	3	952779,954285,954792	952811,954431,955144	ENSMUST00000127654	ENSMUSG00000028051	Hcn3	protein_coding
chr3	-	955411	963910	4	955411,956561,956809,963715	955516,956703,956990,963910	ENSMUST00000133368	ENSMUSG00000028051	Hcn3	protein_coding
chr3	+	968725	980851	13	968725,970965,972625,973548,973979,974223,977307,978127,978875,979088,979322,979575,980324	969036,971134,972853,973632,974045,974339,977473,978221,979004,979170,979401,979665,980851	ENSMUST00000121212	ENSMUSG00000068917	Clk2	protein_coding
chr3	+	968747	971134	3	968747,970612,970965	969036,970744,971134	ENSMUST00000152205	ENSMUSG00000068917	Clk2	protein_coding
chr3	+	968748	980851	13	968748,970965,972628,973548,973979,974223,977307,978127,978875,979088,979322,979575,980324	969036,971134,972853,973632,974045,974339,977473,978221,979004,979170,979401,979665,980851	ENSMUST00000090927	ENSMUSG00000068917	Clk2	protein_coding
chr3	+	968749	977387	7	968749,970965,972625,973548,973979,974223,977307	968821,971134,972853,973632,974045,974339,977387	ENSMUST00000148265	ENSMUSG00000068917	Clk2	protein_coding
chr3	+	968749	980849	11	968749,970965,972625,974223,977307,978127,978875,979088,979322,979575,980324	969036,971134,974045,974339,977473,978221,979004,979170,979401,979665,980849	ENSMUST00000138822	ENSMUSG00000068917	Clk2	protein_coding
chr3	+	968770	980851	13	968770,970965,972625,973545,973979,974223,977307,978127,978875,979088,979322,979575,980324	969036,971134,972853,973632,974045,974339,977473,978221,979004,979170,979401,979665,980851	ENSMUST00000121931	ENSMUSG00000068917	Clk2	protein_coding
chr3	+	968909	980851	12	968909,970965,972625,973979,974223,977307,978127,978875,979088,979322,979575,980324	969036,971134,972853,974045,974339,977473,978221,979004,979170,979401,979665,980851	ENSMUST00000128318	ENSMUSG00000068917	Clk2	protein_coding
chr3	+	971094	974339	4	971094,972625,973545,974223	971134,972853,974045,974339	ENSMUST00000133323	ENSMUSG00000068917	Clk2	protein_coding
chr3	+	976095	980010	6	976095,978127,978875,979088,979322,979575	977473,978221,979004,979170,979401,980010	ENSMUST00000153255	ENSMUSG00000068917	Clk2	protein_coding
chr3	+	977885	979677	4	977885,978875,979088,979322	978221,979004,979170,979677	ENSMUST00000132830	ENSMUSG00000068917	Clk2	protein_coding
chr3	+	978965	979901	5	978965,979088,979322,979575,979817	979004,979170,979401,979685,979901	ENSMUST00000139221	ENSMUSG00000068917	Clk2	protein_coding
chr3	+	981403	986695	9	981403,981920,983025,983247,984182,984659,985105,985856,986229	981587,981997,983153,983367,984310,984818,985206,985973,986695	ENSMUST00000029684	ENSMUSG00000028049	Scamp3	protein_coding
chr3	+	981420	986695	9	981420,981920,983022,983247,984182,984659,985105,985856,986229	981587,981997,983153,983367,984310,984818,985206,985973,986695	ENSMUST00000120697	ENSMUSG00000028049	Scamp3	protein_coding
chr3	+	981426	983595	4	981426,981920,983022,983247	981587,981997,983153,983595	ENSMUST00000136165	ENSMUSG00000028049	Scamp3	protein_coding
chr3	+	981450	986693	8	981450,981920,983025,983247,984182,984659,985856,986229	981587,981997,983153,983367,984310,984818,985973,986693	ENSMUST00000098941	ENSMUSG00000028049	Scamp3	protein_coding
chr3	+	981461	983382	3	981461,983025,983247	981997,983153,983382	ENSMUST00000156447	ENSMUSG00000028049	Scamp3	protein_coding
chr3	+	981467	983594	4	981467,981920,983025,983247	981587,981997,983153,983594	ENSMUST00000148881	ENSMUSG00000028049	Scamp3	protein_coding
chr3	+	981551	985206	7	981551,981920,983025,983247,983969,984659,985105	981587,981997,983153,983367,984310,984818,985206	ENSMUST00000129294	ENSMUSG00000028049	Scamp3	protein_coding
chr3	+	981688	984315	4	981688,983025,983247,984182	981997,983153,983367,984315	ENSMUST00000124291	ENSMUSG00000028049	Scamp3	protein_coding
chr3	-	984685	986223	2	984685,985838	984843,986223	ENSMUST00000131146	ENSMUSG00000086718	Gm16069	antisense
chr3	+	987073	988609	3	987073,988387,988560	987424,988453,988609	ENSMUST00000140473	ENSMUSG00000032657	Fam189b	protein_coding
chr3	+	987133	993221	12	987133,988082,988343,988560,988819,989364,989664,990709,990989,992006,992153,992496	987878,988138,988453,988679,988926,989539,989763,990778,991534,992074,992406,993221	ENSMUST00000041913	ENSMUSG00000032657	Fam189b	protein_coding
chr3	+	987134	993219	11	987134,988082,988343,988560,988819,989367,990709,990989,992006,992153,992496	987878,988138,988453,988679,988926,989539,990778,991534,992074,992406,993219	ENSMUST00000147696	ENSMUSG00000032657	Fam189b	protein_coding
chr3	+	987510	993220	12	987510,987985,988343,988560,988819,989364,989664,990709,990989,992006,992153,992496	987878,988138,988453,988679,988926,989539,989763,990778,991534,992074,992406,993220	ENSMUST00000127982	ENSMUSG00000032657	Fam189b	protein_coding
chr3	+	987563	993218	11	987563,988343,988560,988819,989364,989664,990709,990989,992006,992153,992496	987878,988453,988679,988926,989539,989763,990778,991534,992074,992406,993218	ENSMUST00000117278	ENSMUSG00000032657	Fam189b	protein_coding
chr3	+	987571	993225	10	987571,988082,988819,989367,989664,990709,990989,992006,992153,992496	987878,988138,988926,989539,989763,990778,991534,992074,992406,993225	ENSMUST00000119707	ENSMUSG00000032657	Fam189b	protein_coding
chr3	+	988159	989699	5	988159,988560,988819,989386,989664	988453,988679,988926,989539,989699	ENSMUST00000126115	ENSMUSG00000032657	Fam189b	protein_coding
chr3	+	991306	992407	2	991306,992006	991534,992407	ENSMUST00000136209	ENSMUSG00000032657	Fam189b	protein_coding
chr3	+	991864	992406	2	991864,992153	992074,992406	ENSMUST00000125501	ENSMUSG00000032657	Fam189b	protein_coding
chr3	+	991914	992710	3	991914,992153,992496	991958,992406,992710	ENSMUST00000155033	ENSMUSG00000032657	Fam189b	protein_coding
