#chrom	strand	txStart	txEnd	exonCount	exonStarts	exonEnds	transcriptID	geneID	geneSymbol	biotype
chr1	-	11946	26929	4	11946,15988,24342,26866	13665,16090,24568,26929	ENSMUST00000164963	ENSMUSG00000054770	Kctd18	protein_coding
chr1	-	12093	26973	7	12093,15988,18746,19913,22174,24342,26866	13665,16090,18840,20106,22385,24568,26973	ENSMUST00000114410	ENSMUSG00000054770	Kctd18	protein_coding
chr1	-	12098	26369	7	12098,15988,18746,19913,22196,24342,26252	13665,16090,18840,20106,22385,24568,26369	ENSMUST00000161608	ENSMUSG00000054770	Kctd18	protein_coding
chr1	-	12917	75801	10	12917,15988,18746,19913,22196,24342,59712,69837,70444,72471	13665,16090,18840,20106,22385,24568,59766,69839,70512,75801	ENSMUST00000163061	ENSMUSG00000054770	Kctd18	protein_coding
chr1	-	13425	26893	4	13425,15988,24342,26866	13665,16090,24568,26893	ENSMUST00000159826	ENSMUSG00000054770	Kctd18	protein_coding
chr1	-	13537	20292	4	13537,15988,18746,19913	13665,16090,18840,20292	ENSMUST00000160614	ENSMUSG00000054770	Kctd18	protein_coding
chr1	-	13565	18947	3	13565,15988,18746	13665,16090,18947	ENSMUST00000163006	ENSMUSG00000054770	Kctd18	protein_coding
chr1	-	16899	26897	5	16899,19913,22174,24342,26866	18840,20106,22385,24568,26897	ENSMUST00000068000	ENSMUSG00000054770	Kctd18	protein_coding
chr1	-	18003	19826	1	18003	19826	ENSMUST00000189298	ENSMUSG00000054770	Kctd18	protein_coding
chr1	-	20411	26924	3	20411,24342,26866	22385,24568,26924	ENSMUST00000162410	ENSMUSG00000054770	Kctd18	protein_coding
chr1	-	20447	26924	2	20447,26866	24568,26924	ENSMUST00000160130	ENSMUSG00000054770	Kctd18	protein_coding
chr1	+	52816	82744	9	52816,54941,56809,58063,59739,70352,72204,76434,81629	53157,55066,56984,58140,59824,70587,74828,76587,82744	ENSMUST00000027202	ENSMUSG00000026039	Sgo2a	protein_coding
chr1	+	79561	82743	1	79561	82743	ENSMUST00000190746	ENSMUSG00000026039	Sgo2a	protein_coding
chr1	+	86776	163260	35	86776,98281,100387,103980,106208,110509,111493,113059,114259,114977,115880,116224,118041,118977,120217,122119,125115,125577,126886,130023,132909,134288,135271,138348,138857,142279,149339,151266,152000,153805,154711,159430,161164,161812,162875	86903,98338,100483,104088,106334,110570,111582,113139,114403,115069,116031,116317,118150,119161,120379,122211,125284,125691,127008,130119,133033,134421,135358,138434,139048,142506,149434,151394,152074,153857,154825,159495,161354,161979,163260	ENSMUST00000001027	ENSMUSG00000063558	Aox1	protein_coding
chr1	+	86809	127724	15	86809,98281,100387,103980,106208,110509,111493,113059,114259,114977,120217,122119,125115,125577,126886	86903,98338,100483,104088,106334,110570,111582,113139,114403,119161,120379,122211,125284,125691,127724	ENSMUST00000160168	ENSMUSG00000063558	Aox1	protein_coding
chr1	+	169977	171856	2	169977,171718	170159,171856	ENSMUST00000161549	ENSMUSG00000064294	Aox3	protein_coding
chr1	+	169983	257545	35	169983,171718,175445,176328,177825,181865,184474,195063,198198,199517,203271,204041,207142,209401,209868,210327,215048,215752,216484,220196,222684,224450,226625,227504,228589,228968,233321,234366,236164,237453,240313,243124,245182,251473,257017	170159,171775,175541,176436,177951,181926,184554,195143,198342,199609,203422,204134,207251,209585,210030,210419,215217,215866,216606,220292,222808,224583,226712,227590,228780,229195,233416,234494,236238,237505,240427,243189,245370,251640,257545	ENSMUST00000040999	ENSMUSG00000064294	Aox3	protein_coding
chr1	+	169985	178952	5	169985,171718,175445,176328,177825	170159,171775,175900,176436,178952	ENSMUST00000159014	ENSMUSG00000064294	Aox3	protein_coding
chr1	+	170033	195969	8	170033,171718,175445,176328,177825,181865,184474,195063	170159,171775,175541,176436,177951,181926,184554,195969	ENSMUST00000162011	ENSMUSG00000064294	Aox3	protein_coding
chr1	+	226471	229094	4	226471,227504,228589,228968	226712,227590,228780,229094	ENSMUST00000160815	ENSMUSG00000064294	Aox3	protein_coding
chr1	-	211828	211935	1	211828	211935	ENSMUST00000158650	ENSMUSG00000089275	Gm24548	snoRNA
chr1	+	267246	325446	35	267246,269871,274282,276836,278677,281015,284921,285703,287954,288330,290687,291968,293516,295966,297530,301909,302650,303088,304055,305697,306984,308914,310375,310758,310989,312324,314064,315891,319414,320192,320683,321191,321808,323477,324609	267477,269928,274378,276944,278803,281076,285004,285783,288098,288422,290838,292061,293628,296150,297692,302001,302819,303202,304177,305793,307108,309047,310462,310844,311180,312551,314159,316019,319488,320244,320797,321256,321993,323644,325446	ENSMUST00000040442	ENSMUSG00000038242	Aox4	protein_coding
chr1	+	267281	317231	29	267281,269871,274282,276836,278677,281015,284921,285703,287954,288330,290687,291968,293516,295966,297530,301909,302650,303088,304055,305697,306984,308914,310375,310758,310989,312324,314064,315891,316767	267477,269928,274378,276944,278803,281076,285004,285783,288098,288422,290838,292061,293628,296150,297692,302001,302819,303202,304177,305793,307108,309047,310462,310844,311180,312551,314159,316019,317231	ENSMUST00000161833	ENSMUSG00000038242	Aox4	protein_coding
chr1	+	267300	272259	3	267300,269871,271453	267477,269928,272259	ENSMUST00000159240	ENSMUSG00000038242	Aox4	protein_coding
chr1	+	268067	270211	1	268067	270211	ENSMUST00000189059	ENSMUSG00000038242	Aox4	protein_coding
chr1	+	297455	302010	2	297455,301909	297692,302010	ENSMUST00000161926	ENSMUSG00000038242	Aox4	protein_coding
chr1	-	310966	372505	6	310966,319317,332973,346258,355679,372083	313794,319465,333061,346351,355817,372505	ENSMUST00000161126	ENSMUSG00000089822	Gm15759	antisense
chr1	+	335175	437108	36	335175,338026,339515,340336,342420,344541,346757,349047,351150,352712,356612,357464,360376,361278,362053,364199,365708,366830,369124,379628,387619,389392,391529,393449,394184,396308,400505,403074,405902,407086,408004,411011,411159,415767,433111,435490	335324,338083,339611,340444,342546,344602,346840,349127,351294,352804,356763,357557,360485,361462,362239,364291,365877,366944,369246,379724,387743,389525,391616,393535,394375,396535,400600,403202,405976,407138,408118,411076,411347,415934,433185,437108	ENSMUST00000114366	ENSMUSG00000079554	Aox2	protein_coding
chr1	-	440361	442983	1	440361	442983	ENSMUST00000194925	ENSMUSG00000103839	Gm37607	TEC
chr1	+	449747	464208	12	449747,451051,454525,455853,456928,457556,457963,458190,459736,460469,461086,461889	450065,451124,454701,455947,456993,457691,458072,458360,459887,460607,461208,464208	ENSMUST00000050552	ENSMUSG00000051223	Bzw1	protein_coding
chr1	+	449973	459858	8	449973,451051,455853,456928,457556,457963,458190,459736	450065,451124,455947,456993,457691,458072,458360,459858	ENSMUST00000188898	ENSMUSG00000051223	Bzw1	protein_coding
chr1	+	449981	462341	10	449981,451051,454525,457556,457963,458190,459736,460469,461086,461889	450065,451124,454701,457691,458072,458360,459887,460607,461208,462341	ENSMUST00000188630	ENSMUSG00000051223	Bzw1	protein_coding
chr1	+	450319	461985	12	450319,451051,454525,455853,456928,457556,457963,458190,459736,460469,461086,461889	450475,451124,454701,455947,456993,457691,458072,458360,459887,460607,461208,461985	ENSMUST00000186949	ENSMUSG00000051223	Bzw1	protein_coding
chr1	-	467044	480922	11	467044,469502,469802,470245,471227,471445,473870,474124,476524,478630,480776	469195,469592,469881,470327,471356,471539,474036,474240,478164,478790,480922	ENSMUST00000156931	ENSMUSG00000026034	Clk1	protein_coding
chr1	-	468855	469716	2	468855,469502	469195,469716	ENSMUST00000139787	ENSMUSG00000026034	Clk1	protein_coding
chr1	-	468855	470292	3	468855,469502,469802	469195,469592,470292	ENSMUST00000141570	ENSMUSG00000026034	Clk1	protein_coding
chr1	-	468855	473622	7	468855,469502,469802,470245,471227,471445,473314	469195,469592,469881,470327,471356,472512,473622	ENSMUST00000123580	ENSMUSG00000026034	Clk1	protein_coding
chr1	-	468855	480922	13	468855,469502,469802,470245,471227,471445,473870,474124,476524,476977,477939,478630,480776	469195,469592,469881,470327,471356,471539,474036,474240,476590,477067,478164,478790,480922	ENSMUST00000034868	ENSMUSG00000026034	Clk1	protein_coding
chr1	-	468855	480922	12	468855,469502,469802,470245,471227,471445,473870,474124,476524,477939,478630,480776	469195,469592,469881,470327,471356,471539,474036,474240,476590,478164,478790,480922	ENSMUST00000148330	ENSMUSG00000026034	Clk1	protein_coding
chr1	-	468855	480922	11	468855,469502,469802,470245,471227,471445,474124,476524,477939,478630,480776	469195,469592,469881,470327,471356,471539,474240,476590,478164,478790,480922	ENSMUST00000151338	ENSMUSG00000026034	Clk1	protein_coding
chr1	-	469171	470680	3	469171,469802,470245	469592,469881,470680	ENSMUST00000129303	ENSMUSG00000026034	Clk1	protein_coding
chr1	-	471445	477254	5	471445,473870,474124,476524,476977	471539,474036,474240,476590,477254	ENSMUST00000186552	ENSMUSG00000026034	Clk1	protein_coding
chr1	-	471470	478114	4	471470,473870,476524,477939	471539,474240,476590,478114	ENSMUST00000135380	ENSMUSG00000026034	Clk1	protein_coding
chr1	-	473000	480922	4	473000,476524,478630,480776	474240,478164,478790,480922	ENSMUST00000129577	ENSMUSG00000026034	Clk1	protein_coding
chr1	-	473767	474283	2	473767,474124	474036,474283	ENSMUST00000131051	ENSMUSG00000026034	Clk1	protein_coding
chr1	-	478482	480922	2	478482,480776	478790,480922	ENSMUST00000147258	ENSMUSG00000026034	Clk1	protein_coding
chr1	-	487850	502285	7	487850,491187,495200,497699,499381,501445,501667	488186,491305,495267,497792,499455,501495,502285	ENSMUST00000117069	ENSMUSG00000026035	Ppil3	protein_coding
chr1	-	487850	502290	7	487850,491187,495200,497699,499381,501445,502002	488186,491305,495267,497792,499455,501495,502290	ENSMUST00000114348	ENSMUSG00000026035	Ppil3	protein_coding
chr1	-	487853	502342	7	487853,491187,495200,497699,499381,501445,502188	488186,491305,495267,497792,499455,501495,502342	ENSMUST00000081677	ENSMUSG00000026035	Ppil3	protein_coding
chr1	-	487876	489041	2	487876,488928	488186,489041	ENSMUST00000186242	ENSMUSG00000026035	Ppil3	protein_coding
chr1	-	490643	502225	6	490643,495200,497699,499381,501445,502002	491305,495267,497792,499455,501495,502225	ENSMUST00000114345	ENSMUSG00000026035	Ppil3	protein_coding
chr1	-	491271	502295	6	491271,495200,497699,499381,501445,502228	491305,495267,497792,499455,501495,502295	ENSMUST00000190048	ENSMUSG00000026035	Ppil3	protein_coding
chr1	-	491275	502338	6	491275,495200,497699,499381,501445,502266	491305,495267,497792,499455,501495,502338	ENSMUST00000185990	ENSMUSG00000026035	Ppil3	protein_coding
chr1	-	495032	502032	5	495032,497699,499381,501445,502002	495267,497792,499455,501495,502032	ENSMUST00000124550	ENSMUSG00000026035	Ppil3	protein_coding
chr1	-	495686	497824	1	495686	497824	ENSMUST00000188896	ENSMUSG00000026035	Ppil3	protein_coding
chr1	+	502007	520312	7	502007,504490,507243,508945,512453,514636,517997	502490,504945,507405,509071,512591,514719,520312	ENSMUST00000087521	ENSMUSG00000026036	Nif3l1	protein_coding
chr1	+	502123	538674	7	502123,504490,507243,508945,512453,514636,537844	502490,504945,507405,509071,512591,514719,538674	ENSMUST00000114337	ENSMUSG00000026036	Nif3l1	protein_coding
chr1	+	502484	507363	4	502484,504490,506100,507243	502490,504945,506282,507363	ENSMUST00000129759	ENSMUSG00000026036	Nif3l1	protein_coding
chr1	+	502585	504906	3	502585,504301,504490	502641,504402,504906	ENSMUST00000151272	ENSMUSG00000026036	Nif3l1	protein_coding
chr1	+	504487	519122	6	504487,507243,508945,512453,514636,517997	504945,507405,509071,512591,514719,519122	ENSMUST00000171597	ENSMUSG00000026036	Nif3l1	protein_coding
chr1	+	506023	514656	5	506023,507243,508945,512453,514636	506282,507405,509071,512591,514656	ENSMUST00000140723	ENSMUSG00000026036	Nif3l1	protein_coding
chr1	+	510260	513044	1	510260	513044	ENSMUST00000185578	ENSMUSG00000026036	Nif3l1	protein_coding
chr1	+	514541	518240	2	514541,517997	514719,518240	ENSMUST00000188295	ENSMUSG00000026036	Nif3l1	protein_coding
chr1	-	519627	561967	18	519627,522853,524509,526526,527798,529163,531667,533292,537109,537818,540501,549715,550519,554234,557099,558181,558700,561630	521146,522971,524570,526697,527944,529259,531799,533401,537207,538011,540561,549746,550608,554323,557242,558284,558748,561967	ENSMUST00000027198	ENSMUSG00000026037	Orc2	protein_coding
chr1	-	521060	558274	15	521060,522853,524509,526526,527798,529163,531667,533292,537109,537818,540501,549715,550519,554234,558181	521146,522971,524570,526697,527944,529259,531799,533401,537207,538011,540561,549746,550608,554323,558274	ENSMUST00000114325	ENSMUSG00000026037	Orc2	protein_coding
chr1	-	537169	538307	2	537169,537818	537207,538307	ENSMUST00000151723	ENSMUSG00000026037	Orc2	protein_coding
chr1	-	540556	561783	5	540556,549715,550519,554234,561630	540561,549746,550608,554323,561783	ENSMUST00000190695	ENSMUSG00000026037	Orc2	protein_coding
chr1	-	557204	561813	4	557204,558181,558700,561630	557242,558284,558742,561813	ENSMUST00000191206	ENSMUSG00000026037	Orc2	protein_coding
chr1	-	523373	523479	1	523373	523479	ENSMUST00000179823	ENSMUSG00000094245	Gm23966	snRNA
chr1	+	562006	569474	2	562006,567429	562085,569474	ENSMUST00000160947	ENSMUSG00000085054	Gm15834	lincRNA
chr1	+	562010	574388	4	562010,567429,568997,572570	562085,567502,569124,574388	ENSMUST00000129740	ENSMUSG00000085054	Gm15834	lincRNA
chr1	+	562013	580088	7	562013,567429,572570,573921,574483,577293,579877	562089,569124,572635,574027,574623,577606,580088	ENSMUST00000139825	ENSMUSG00000085054	Gm15834	lincRNA
chr1	-	579664	643183	12	579664,592250,596419,596994,601527,602967,605499,609010,614132,614837,622717,643072	587119,592409,596506,597110,601622,603082,605579,609189,614233,614917,622814,643183	ENSMUST00000161600	ENSMUSG00000038174	Fam126b	protein_coding
chr1	-	583881	643126	13	583881,591345,592250,596419,596994,601527,602967,605499,609010,614132,614837,622717,643072	587119,591512,592409,596506,597110,601622,603082,605579,609189,614233,614917,622814,643126	ENSMUST00000097724	ENSMUSG00000038174	Fam126b	protein_coding
chr1	-	584603	622814	13	584603,591345,592250,596419,596994,601527,602967,605499,609010,613369,614132,614837,622717	587119,591512,592409,596506,597110,601622,603082,605579,609189,613424,614233,614917,622814	ENSMUST00000187717	ENSMUSG00000038174	Fam126b	protein_coding
chr1	-	585943	643051	12	585943,592250,596419,596994,601527,602967,605499,609010,614132,614837,622717,642963	587119,592409,596506,597110,601622,603082,605579,609189,614233,614917,622814,643051	ENSMUST00000038372	ENSMUSG00000038174	Fam126b	protein_coding
chr1	-	609047	643135	4	609047,614132,614837,643072	609189,614233,614917,643135	ENSMUST00000161000	ENSMUSG00000038174	Fam126b	protein_coding
chr1	-	614193	643124	5	614193,614837,619500,622717,643072	614233,614917,619647,622814,643124	ENSMUST00000160546	ENSMUSG00000038174	Fam126b	protein_coding
chr1	-	614220	643137	4	614220,614837,622628,643072	614233,614917,622814,643137	ENSMUST00000159980	ENSMUSG00000038174	Fam126b	protein_coding
chr1	-	619291	622080	1	619291	622080	ENSMUST00000191472	ENSMUSG00000038174	Fam126b	protein_coding
chr1	-	622464	643157	2	622464,643072	622814,643157	ENSMUST00000159185	ENSMUSG00000038174	Fam126b	protein_coding
chr1	+	643244	652824	3	643244,647950,652509	643530,648109,652824	ENSMUST00000027193	ENSMUSG00000026032	Ndufb3	protein_coding
chr1	-	682074	682425	1	682074	682425	ENSMUST00000191562	ENSMUSG00000100202	Gm29389	processed_pseudogene
chr1	+	687235	694204	2	687235,693658	687575,694204	ENSMUST00000186270	ENSMUSG00000099490	Gm18802	processed_pseudogene
chr1	+	703548	704099	1	703548	704099	ENSMUST00000081455	ENSMUSG00000059647	Cbx3-ps7	processed_pseudogene
chr1	-	703763	752849	13	703763,718260,723687,724589,726288,727230,733389,735146,736724,747773,748565,749161,752762	704079,718322,723790,724688,726340,727327,733450,735239,736857,747818,748642,749305,752849	ENSMUST00000188772	ENSMUSG00000047528	Als2cr12	protein_coding
chr1	-	714980	749302	14	714980,715856,716083,718260,723687,724589,726288,727230,733389,735146,736724,747773,748565,749161	715294,715965,716172,718322,723790,724688,726340,727327,733450,735239,736857,747818,748642,749302	ENSMUST00000191565	ENSMUSG00000047528	Als2cr12	protein_coding
chr1	-	714980	752813	15	714980,715856,716083,718260,723687,724589,726288,727230,733389,735146,736724,747773,748565,749161,752762	715290,715965,716172,718322,723790,724688,726340,727327,733450,735239,736857,747818,748642,749305,752813	ENSMUST00000055313	ENSMUSG00000047528	Als2cr12	protein_coding
chr1	-	715223	749302	14	715223,715856,716083,718260,723687,724589,726288,727230,733389,735146,736724,747773,748565,749161	715294,715965,716172,718322,723790,724688,726340,727327,733450,735239,736853,747818,748642,749302	ENSMUST00000191252	ENSMUSG00000047528	Als2cr12	protein_coding
chr1	-	723755	752820	10	723755,724589,726288,733389,735146,736724,747773,748565,749161,752577	723790,724688,727327,733450,735239,736857,747818,748642,749305,752820	ENSMUST00000185953	ENSMUSG00000047528	Als2cr12	protein_coding
chr1	-	733056	747910	3	733056,735146,747773	733450,735239,747910	ENSMUST00000188839	ENSMUSG00000047528	Als2cr12	protein_coding
chr1	+	709501	712691	2	709501,711805	709549,712691	ENSMUST00000185352	ENSMUSG00000102059	Gm20257	transcribed_unprocessed_pseudogene
chr1	+	711805	711934	1	711805	711934	ENSMUST00000188643	ENSMUSG00000102059	Gm20257	transcribed_unprocessed_pseudogene
chr1	+	759169	760846	2	759169,760450	759535,760846	ENSMUST00000190385	ENSMUSG00000101046	Gm28803	processed_pseudogene
chr1	+	768368	770746	2	768368,770156	768452,770746	ENSMUST00000149874	ENSMUSG00000026031	Cflar	protein_coding
chr1	+	768368	811203	10	768368,770431,783166,788012,789113,792518,797123,797825,809199,810646	768452,770519,783592,788147,789186,792572,797172,797906,809708,811203	ENSMUST00000140940	ENSMUSG00000026031	Cflar	protein_coding
chr1	+	768370	788106	4	768370,770431,783166,788012	768452,770519,783592,788106	ENSMUST00000164900	ENSMUSG00000026031	Cflar	protein_coding
chr1	+	768376	771163	3	768376,770431,770977	768452,770517,771163	ENSMUST00000156870	ENSMUSG00000026031	Cflar	protein_coding
chr1	+	768394	770749	2	768394,770431	768452,770749	ENSMUST00000124567	ENSMUSG00000026031	Cflar	protein_coding
chr1	+	768404	774414	3	768404,770156,774120	768452,770519,774414	ENSMUST00000097723	ENSMUSG00000026031	Cflar	protein_coding
chr1	+	768411	810838	11	768411,770431,783166,785916,788012,789113,792496,797123,797825,809199,810646	768452,770519,783592,786021,788147,789173,792572,797172,797906,809708,810838	ENSMUST00000097722	ENSMUSG00000026031	Cflar	protein_coding
chr1	+	768420	815750	10	768420,783166,785916,788012,789113,792518,797123,797825,809199,810646	768452,783592,786021,788147,789186,792572,797172,797906,809708,815750	ENSMUST00000114313	ENSMUSG00000026031	Cflar	protein_coding
chr1	+	770154	790087	5	770154,783166,785916,788012,789113	770519,783592,786021,788147,790087	ENSMUST00000114309	ENSMUSG00000026031	Cflar	protein_coding
chr1	+	770162	779930	2	770162,779189	770519,779930	ENSMUST00000123553	ENSMUSG00000026031	Cflar	protein_coding
chr1	+	770177	812027	10	770177,783166,785916,788012,789113,792518,797123,797825,809199,810646	770519,783592,786021,788147,789186,792572,797172,797906,809708,812027	ENSMUST00000069333	ENSMUSG00000026031	Cflar	protein_coding
chr1	+	770746	774422	1	770746	774422	ENSMUST00000189858	ENSMUSG00000026031	Cflar	protein_coding
chr1	+	787412	809313	7	787412,788012,789113,792518,797123,797825,809199	787522,788147,789186,792572,797172,797906,809313	ENSMUST00000123032	ENSMUSG00000026031	Cflar	protein_coding
chr1	+	842075	842525	1	842075	842525	ENSMUST00000191399	ENSMUSG00000100236	Gm3841	processed_pseudogene
chr1	+	852240	904369	9	852240,880781,884073,885739,885962,888472,890499,901210,903488	852604,881113,884178,885877,886015,888533,890640,901711,904369	ENSMUST00000027189	ENSMUSG00000026029	Casp8	protein_coding
chr1	+	852343	903620	10	852343,860865,880781,884073,885739,885962,888472,890499,901210,903488	852604,860980,881113,884178,885877,886015,888533,890640,901711,903620	ENSMUST00000191201	ENSMUSG00000026029	Casp8	protein_coding
chr1	+	859368	903874	9	859368,880781,884073,885739,885962,888472,890499,901210,903488	859559,881113,884178,885877,886015,888533,890640,901711,903874	ENSMUST00000165549	ENSMUSG00000026029	Casp8	protein_coding
chr1	+	859519	903620	10	859519,860865,880781,884073,885739,885962,888472,890499,901210,903488	859559,860980,881113,884178,885877,886015,888533,890640,901711,903620	ENSMUST00000190213	ENSMUSG00000026029	Casp8	protein_coding
chr1	+	854649	858489	1	854649	858489	ENSMUST00000194726	ENSMUSG00000102719	Gm37760	TEC
chr1	-	906951	949658	12	906951,907525,907752,911960,917245,918135,932508,933216,934882,947589,948359,949546	906957,907634,907841,912022,917297,918232,932569,933309,935015,947633,948433,949658	ENSMUST00000188624	ENSMUSG00000099719	Gm28802	unprocessed_pseudogene
chr1	-	960538	964078	2	960538,963572	961048,964078	ENSMUST00000172685	ENSMUSG00000026028	Trak2	protein_coding
chr1	-	976762	978563	3	976762,977940,978546	976914,978018,978563	ENSMUST00000174359	ENSMUSG00000026028	Trak2	protein_coding
chr2	-	23195	26803	7	23195,23858,24086,24867,25817,26123,26696	23418,23884,24187,24977,25887,26253,26803	ENSMUST00000028283	ENSMUSG00000026919	Lcn4	protein_coding
chr2	-	77908	78602	1	77908	78602	ENSMUST00000119000	ENSMUSG00000082951	Gm13359	processed_pseudogene
chr2	-	198024	212319	6	198024,201477,202095,203772,204442,212179	199395,201611,202130,203828,204511,212319	ENSMUST00000114045	ENSMUSG00000015787	Abo	protein_coding
chr2	-	198024	220500	6	198024,201477,202095,203772,204442,220392	199395,201611,202130,203828,204511,220500	ENSMUST00000102900	ENSMUSG00000015787	Abo	protein_coding
chr2	-	244149	248132	2	244149,247512	244899,248132	ENSMUST00000140392	ENSMUSG00000036160	Surf6	protein_coding
chr2	-	244446	247694	2	244446,247496	244899,247694	ENSMUST00000129554	ENSMUSG00000036160	Surf6	protein_coding
chr2	-	244510	254946	3	244510,248388,254858	244899,248588,254946	ENSMUST00000137904	ENSMUSG00000036160	Surf6	protein_coding
chr2	-	245956	258400	5	245956,248388,254858,255250,258215	248246,248588,254946,255453,258400	ENSMUST00000047632	ENSMUSG00000036160	Surf6	protein_coding
chr2	-	246293	258371	5	246293,248388,254858,255250,258215	246535,248588,254946,255453,258371	ENSMUST00000114043	ENSMUSG00000036160	Surf6	protein_coding
chr2	-	248196	258311	5	248196,248388,254858,255250,258109	248246,248588,254946,255453,258311	ENSMUST00000142131	ENSMUSG00000036160	Surf6	protein_coding
chr2	-	254615	255289	2	254615,255250	254946,255289	ENSMUST00000127691	ENSMUSG00000036160	Surf6	protein_coding
chr2	-	260783	266198	3	260783,264514,265814	263822,264594,266198	ENSMUST00000102899	ENSMUSG00000015776	Med22	protein_coding
chr2	-	261109	266090	4	261109,263614,264514,265814	261514,263822,264594,266090	ENSMUST00000015920	ENSMUSG00000015776	Med22	protein_coding
chr2	-	263630	266099	3	263630,264514,265814	263930,264594,266099	ENSMUST00000139815	ENSMUSG00000015776	Med22	protein_coding
chr2	+	266285	268839	8	266285,266527,266943,267540,267887,268192,268509,268686	266351,266647,267092,267680,267966,268322,268578,268839	ENSMUST00000102898	ENSMUSG00000062647	Rpl7a	protein_coding
chr2	+	266338	268578	6	266338,266943,267540,267887,268192,268509	266647,267092,267676,267966,268322,268578	ENSMUST00000136269	ENSMUSG00000062647	Rpl7a	protein_coding
chr2	+	266342	268839	7	266342,266527,266943,267540,267887,268192,268686	266351,266647,267092,267680,267966,268578,268839	ENSMUST00000137376	ENSMUSG00000062647	Rpl7a	protein_coding
chr2	+	266527	268839	7	266527,266943,267540,267814,268192,268509,268686	266647,267092,267680,267966,268322,268578,268839	ENSMUST00000143678	ENSMUSG00000062647	Rpl7a	protein_coding
chr2	+	267713	268839	3	267713,268509,268686	268322,268578,268839	ENSMUST00000129673	ENSMUSG00000062647	Rpl7a	protein_coding
chr2	+	268140	268839	2	268140,268686	268578,268839	ENSMUST00000147143	ENSMUSG00000062647	Rpl7a	protein_coding
chr2	+	268192	268733	2	268192,268509	268322,268733	ENSMUST00000149339	ENSMUSG00000062647	Rpl7a	protein_coding
chr2	+	266782	266855	1	266782	266855	ENSMUST00000083324	ENSMUSG00000065258	Gm23969	snoRNA
chr2	+	267739	267812	1	267739	267812	ENSMUST00000082895	ENSMUSG00000064829	Gm22879	snoRNA
chr2	+	268051	268121	1	268051	268121	ENSMUST00000083361	ENSMUSG00000065295	Gm24134	snoRNA
chr2	-	268902	270280	4	268902,269434,269696,270228	269179,269596,269768,270280	ENSMUST00000142967	ENSMUSG00000015790	Surf1	protein_coding
chr2	-	268904	271821	9	268904,269098,269434,269696,270228,270953,271117,271476,271778	269026,269211,269596,269768,270416,271035,271250,271527,271821	ENSMUST00000183520	ENSMUSG00000015790	Surf1	protein_coding
chr2	-	268904	271989	9	268904,269098,269434,269696,270228,270953,271117,271476,271778	269026,269179,269596,269768,270416,271035,271290,271527,271989	ENSMUST00000167661	ENSMUSG00000015790	Surf1	protein_coding
chr2	-	268904	272051	9	268904,269098,269434,269696,270228,270953,271117,271476,271778	269026,269179,269596,269768,270416,271035,271250,271527,272051	ENSMUST00000015934	ENSMUSG00000015790	Surf1	protein_coding
chr2	-	269098	271841	8	269098,269434,269696,270228,270953,271117,271476,271778	269179,269596,269768,270416,271035,271270,271527,271841	ENSMUST00000129822	ENSMUSG00000015790	Surf1	protein_coding
chr2	-	269098	271866	7	269098,269434,269696,270228,270953,271117,271778	269179,269596,269768,270416,271035,271290,271866	ENSMUST00000147110	ENSMUSG00000015790	Surf1	protein_coding
chr2	-	269752	271832	5	269752,270228,270953,271117,271778	269768,270416,271035,271527,271832	ENSMUST00000150776	ENSMUSG00000015790	Surf1	protein_coding
chr2	-	269996	271013	2	269996,270953	270416,271013	ENSMUST00000128665	ENSMUSG00000015790	Surf1	protein_coding
chr2	-	270379	271853	4	270379,270953,271117,271778	270416,271053,271290,271853	ENSMUST00000129682	ENSMUSG00000015790	Surf1	protein_coding
chr2	-	270978	271866	3	270978,271117,271778	271035,271305,271866	ENSMUST00000133513	ENSMUSG00000015790	Surf1	protein_coding
chr2	+	271888	275704	6	271888,272226,272949,274394,274713,275248	272024,272380,273052,274576,274879,275704	ENSMUST00000015017	ENSMUSG00000014873	Surf2	protein_coding
chr2	+	271902	275693	5	271902,272226,272949,274713,275248	272024,272380,274576,274879,275693	ENSMUST00000126947	ENSMUSG00000014873	Surf2	protein_coding
chr2	+	272190	275342	5	272190,272949,274394,274713,275248	272380,273052,274576,274879,275342	ENSMUST00000125408	ENSMUSG00000014873	Surf2	protein_coding
chr2	+	272190	275687	2	272190,275124	274879,275687	ENSMUST00000135506	ENSMUSG00000014873	Surf2	protein_coding
chr2	+	272334	275474	5	272334,272949,274386,274713,275248	272380,273052,274576,274879,275474	ENSMUST00000157066	ENSMUSG00000014873	Surf2	protein_coding
chr2	+	272949	275356	4	272949,274450,274713,275254	273052,274576,274879,275356	ENSMUST00000143098	ENSMUSG00000014873	Surf2	protein_coding
chr2	-	275561	289449	6	275561,279866,280474,281129,282290,288796	277692,280052,280517,281205,282476,289449	ENSMUST00000015011	ENSMUSG00000014867	Surf4	protein_coding
chr2	-	277483	288904	5	277483,279866,280474,282290,288796	277692,280052,280517,282476,288904	ENSMUST00000153641	ENSMUSG00000014867	Surf4	protein_coding
chr2	-	280491	289302	4	280491,281129,282290,289223	280517,281205,282476,289302	ENSMUST00000154651	ENSMUSG00000014867	Surf4	protein_coding
chr2	+	289568	298673	6	289568,290835,293502,295492,296532,298652	289633,290921,293546,295566,296636,298673	ENSMUST00000153771	ENSMUSG00000049897	Stkld1	protein_coding
chr2	+	289590	309017	19	289590,290813,293502,295492,296532,298652,299398,300963,301285,302118,302765,304833,305546,306075,306941,307143,308172,308477,308778	289633,290921,293546,295566,296636,298722,299513,301081,301448,302248,302848,304949,305686,306203,307069,307271,308312,308556,309017	ENSMUST00000055406	ENSMUSG00000049897	Stkld1	protein_coding
chr2	-	309084	319907	8	309084,311016,311810,314000,315745,316124,317904,319573	310117,311090,311884,314088,315938,316261,318244,319907	ENSMUST00000064244	ENSMUSG00000052406	Rexo4	protein_coding
chr2	-	309087	319907	8	309087,311016,311810,314000,315745,316124,317904,319573	310117,311090,311884,314088,315938,316261,318244,319907	ENSMUST00000114020	ENSMUSG00000052406	Rexo4	protein_coding
chr2	-	309847	312107	3	309847,311016,311810	310117,311090,312107	ENSMUST00000123126	ENSMUSG00000052406	Rexo4	protein_coding
chr2	-	309949	311205	2	309949,311016	310117,311205	ENSMUST00000145546	ENSMUSG00000052406	Rexo4	protein_coding
chr2	-	310062	319800	7	310062,311016,314000,315745,316124,317904,319573	310117,311090,314088,315938,316261,318244,319800	ENSMUST00000136710	ENSMUSG00000052406	Rexo4	protein_coding
chr2	-	310522	311840	2	310522,311810	311090,311840	ENSMUST00000139635	ENSMUSG00000052406	Rexo4	protein_coding
chr2	-	311854	319799	4	311854,316124,317904,319573	311884,316261,318244,319799	ENSMUST00000135752	ENSMUSG00000052406	Rexo4	protein_coding
chr2	-	313557	315787	2	313557,315745	314088,315787	ENSMUST00000128130	ENSMUSG00000052406	Rexo4	protein_coding
chr2	-	318400	319845	2	318400,319573	318505,319845	ENSMUST00000128401	ENSMUSG00000052406	Rexo4	protein_coding
chr2	+	328937	354101	24	328937,329450,331143,333487,333820,334072,336590,337184,338545,339369,339621,340944,342047,342510,343860,344759,345831,346047,346783,348396,349428,352044,352256,353811	329174,329519,331291,333570,333944,334218,336736,337346,338649,339520,339684,341070,342195,342630,343940,344940,345966,346176,346968,348588,349551,352173,352435,354101	ENSMUST00000014996	ENSMUSG00000014852	Adamts13	protein_coding
chr2	+	329014	365149	29	329014,329450,331143,333487,333820,334072,336590,337184,338545,339369,339621,340944,342047,342510,343860,344759,345831,346047,346783,348396,349428,352044,352256,360265,360687,361698,362143,364054,364777	329174,329519,331291,333570,333944,334218,336736,337346,338649,339520,339684,341070,342195,342630,343940,344940,345966,346176,346968,348588,349551,352173,352435,360469,360999,361844,362319,364238,365149	ENSMUST00000102891	ENSMUSG00000014852	Adamts13	protein_coding
chr2	+	362092	364966	3	362092,364054,364777	362319,364238,364966	ENSMUST00000147216	ENSMUSG00000014852	Adamts13	protein_coding
chr2	+	365447	372370	4	365447,369614,371005,371464	365626,369686,371130,372370	ENSMUST00000114005	ENSMUSG00000015488	Cacfd1	protein_coding
chr2	+	365447	372945	3	365447,369614,371005	365626,369686,372945	ENSMUST00000114004	ENSMUSG00000015488	Cacfd1	protein_coding
chr2	+	365447	376610	6	365447,369614,371005,373894,374409,375542	365626,369686,371130,374001,374500,376610	ENSMUST00000114006	ENSMUSG00000015488	Cacfd1	protein_coding
chr2	+	365447	376610	5	365447,369614,371005,373894,374409	365626,369686,371130,374001,376610	ENSMUST00000114007	ENSMUSG00000015488	Cacfd1	protein_coding
chr2	+	365534	373942	5	365534,369614,371005,372600,373894	365626,369686,371130,372673,373942	ENSMUST00000133126	ENSMUSG00000015488	Cacfd1	protein_coding
chr2	+	365603	371424	4	365603,368948,369614,371005	365626,369075,369686,371424	ENSMUST00000133807	ENSMUSG00000015488	Cacfd1	protein_coding
chr2	+	366114	375819	6	366114,369614,371005,373894,374409,375542	366163,369686,371130,374001,374500,375819	ENSMUST00000114003	ENSMUSG00000015488	Cacfd1	protein_coding
chr2	+	371104	372956	2	371104,372600	371130,372956	ENSMUST00000145290	ENSMUSG00000015488	Cacfd1	protein_coding
chr2	-	376884	383430	9	376884,378240,379056,379704,380106,380744,381422,382662,383338	377590,378385,379164,379856,380314,380843,381628,382824,383430	ENSMUST00000102890	ENSMUSG00000036067	Slc2a6	protein_coding
chr2	-	376884	383443	9	376884,378240,378609,379704,380106,380744,381422,382662,383338	377590,378385,379164,379856,380314,380843,381628,382824,383443	ENSMUST00000145742	ENSMUSG00000036067	Slc2a6	protein_coding
chr2	-	376884	383467	7	376884,378240,378609,379056,380744,381422,383338	377590,378385,378770,380314,380843,381628,383467	ENSMUST00000129835	ENSMUSG00000036067	Slc2a6	protein_coding
chr2	-	376884	383519	10	376884,378240,378609,379056,379704,380106,380744,381422,382662,383338	377590,378385,378770,379164,379856,380314,380843,381628,382824,383519	ENSMUST00000045702	ENSMUSG00000036067	Slc2a6	protein_coding
chr2	-	379589	381512	4	379589,380106,380744,381422	379856,380314,380843,381512	ENSMUST00000135725	ENSMUSG00000036067	Slc2a6	protein_coding
chr2	-	381609	383512	3	381609,382662,383338	381628,382809,383512	ENSMUST00000153388	ENSMUSG00000036067	Slc2a6	protein_coding
chr2	+	390201	391078	1	390201	391078	ENSMUST00000119562	ENSMUSG00000083335	Gm13397	processed_pseudogene
chr2	+	392806	396374	2	392806,393601	392868,396374	ENSMUST00000149378	ENSMUSG00000087364	Gm13398	antisense
chr2	-	417157	427700	5	417157,418223,421812,422874,427402	417858,418339,421960,422988,427700	ENSMUST00000009358	ENSMUSG00000009214	Mymk	protein_coding
chr2	-	417159	423389	5	417159,418223,421812,422874,423261	417858,418339,421960,422988,423389	ENSMUST00000163967	ENSMUSG00000009214	Mymk	protein_coding
chr2	+	434900	464502	19	434900,437225,437903,438721,439517,440298,440572,442732,445105,449054,450924,454127,457128,458290,458587,459389,460270,462916,463842	435094,437315,438045,438796,439619,440443,440695,442812,445280,449411,451293,454224,457254,458503,458742,459559,460446,463060,464502	ENSMUST00000091233	ENSMUSG00000036040	Adamtsl2	protein_coding
chr2	+	452817	464496	7	452817,458290,458587,459389,460270,462916,463842	457254,458503,458742,459559,460446,463060,464496	ENSMUST00000169787	ENSMUSG00000036040	Adamtsl2	protein_coding
chr2	+	453564	454179	2	453564,454127	453860,454179	ENSMUST00000143246	ENSMUSG00000036040	Adamtsl2	protein_coding
chr2	+	459307	462927	3	459307,460270,462916	459559,460446,462927	ENSMUST00000130600	ENSMUSG00000036040	Adamtsl2	protein_coding
chr2	+	460184	464502	3	460184,462916,463842	460446,463060,464502	ENSMUST00000139633	ENSMUSG00000036040	Adamtsl2	protein_coding
chr2	-	465901	498012	3	465901,469069,497681	468411,469184,498012	ENSMUST00000151224	ENSMUSG00000009216	Fam163b	protein_coding
chr2	-	500419	518224	7	500419,508232,512417,515770,516769,517107,517730	503026,508459,512571,515900,516899,517378,518224	ENSMUST00000150024	ENSMUSG00000085008	Dbhos	antisense
chr2	+	520754	538721	12	520754,523694,525833,526833,528225,530336,532829,533235,533709,536498,536992,538187	521387,523840,526090,527009,528327,530502,532972,533273,533768,536625,537151,538721	ENSMUST00000000910	ENSMUSG00000000889	Dbh	protein_coding
chr2	+	532614	532893	2	532614,532829	532753,532893	ENSMUST00000155290	ENSMUSG00000000889	Dbh	protein_coding
chr2	-	543914	588218	13	543914,547400,552170,553050,566532,570559,576164,580490,582598,583765,585959,586292,588094	545165,547535,552338,553212,566625,570706,576302,580603,582681,583906,586049,586378,588218	ENSMUST00000091224	ENSMUSG00000009614	Sardh	protein_coding
chr2	-	543914	602787	21	543914,547400,552170,553050,566532,570559,574319,576164,580490,582598,583765,585959,586292,589812,590999,594888,595136,596907,598223,599690,602174	545165,547535,552338,553212,566625,570706,574432,576302,580603,582681,583906,586049,586378,589941,591103,594988,595259,597086,598401,600044,602787	ENSMUST00000102886	ENSMUSG00000009614	Sardh	protein_coding
chr2	-	544718	547781	2	544718,547400	545165,547781	ENSMUST00000142136	ENSMUSG00000009614	Sardh	protein_coding
chr2	-	544903	565458	5	544903,547400,552170,553050,565420	545165,547535,552338,553212,565458	ENSMUST00000156434	ENSMUSG00000009614	Sardh	protein_coding
chr2	-	552229	574505	5	552229,553050,566532,570559,574319	552338,553212,566625,570706,574505	ENSMUST00000127805	ENSMUSG00000009614	Sardh	protein_coding
chr2	-	566577	571153	3	566577,570559,570999	566625,570706,571153	ENSMUST00000147089	ENSMUSG00000009614	Sardh	protein_coding
chr2	-	566613	580713	4	566613,570559,576164,580490	566625,570706,576302,580713	ENSMUST00000144448	ENSMUSG00000009614	Sardh	protein_coding
chr2	-	596990	602369	5	596990,598223,599690,602174,602320	597086,598401,600044,602223,602369	ENSMUST00000149733	ENSMUSG00000009614	Sardh	protein_coding
chr2	-	597008	603858	5	597008,598223,599690,602174,603763	597086,598401,600044,602223,603858	ENSMUST00000139312	ENSMUSG00000009614	Sardh	protein_coding
chr2	-	599807	602935	3	599807,602174,602869	600044,602223,602935	ENSMUST00000129975	ENSMUSG00000009614	Sardh	protein_coding
chr2	+	544903	590231	2	544903,590155	545090,590231	ENSMUST00000170435	ENSMUSG00000091192	Sardhos	antisense
chr2	-	617625	782433	30	617625,622751,623672,624420,624642,625649,627296,629209,630521,632737,634118,634712,637422,637810,638830,640360,641154,641960,644127,646871,647330,648191,651644,653189,654895,655951,657529,674449,692201,781797	619732,622905,623758,624543,624726,625736,627412,629261,630595,632864,634139,634728,637510,637911,638939,640374,641286,642045,644213,646939,647425,648290,651744,653257,654993,655965,657631,674517,692259,782433	ENSMUST00000185188	ENSMUSG00000009621	Vav2	protein_coding
chr2	-	617625	782554	28	617625,622751,623672,624420,625649,627296,629209,630521,632737,634118,634712,637422,637810,638830,641154,641960,644127,646871,647330,648191,651644,653189,654895,657529,674449,692201,742011,781797	619732,622905,623758,624543,625736,627412,629261,630595,632864,634139,634728,637510,637911,638939,641286,642045,644213,646939,647425,648290,651744,653257,654993,657631,674517,692259,742127,782554	ENSMUST00000056176	ENSMUSG00000009621	Vav2	protein_coding
chr2	-	623976	632862	6	623976,625649,627296,629209,630521,632737	624543,625736,627412,629261,630595,632862	ENSMUST00000149758	ENSMUSG00000009621	Vav2	protein_coding
chr2	-	624440	634400	7	624440,625649,627296,629209,630521,632737,634118	624543,625736,627412,629261,630595,632864,634400	ENSMUST00000148067	ENSMUSG00000009621	Vav2	protein_coding
chr2	-	625102	627319	2	625102,627296	625736,627319	ENSMUST00000146843	ENSMUSG00000009621	Vav2	protein_coding
chr2	-	625102	627396	3	625102,625649,627296	625188,625736,627396	ENSMUST00000135584	ENSMUSG00000009621	Vav2	protein_coding
chr2	-	657546	700001	4	657546,674449,692201,699675	657631,674517,692259,700001	ENSMUST00000132642	ENSMUSG00000009621	Vav2	protein_coding
chr2	+	682225	686818	2	682225,686602	682292,686818	ENSMUST00000156020	ENSMUSG00000086669	AA645442	antisense
chr2	+	757373	757472	1	757373	757472	ENSMUST00000102409	ENSMUSG00000076364	Gm24049	miRNA
chr2	+	797845	799742	1	797845	799742	ENSMUST00000209765	ENSMUSG00000109946	Brd3os	protein_coding
chr2	+	798024	798625	2	798024,798433	798339,798625	ENSMUST00000209262	ENSMUSG00000109946	Brd3os	protein_coding
chr2	-	801100	830918	12	801100,804721,805777,808353,809833,812429,814977,817049,817941,818975,819409,830662	804100,804846,806069,808594,810024,812557,815348,817263,818088,819112,819713,830918	ENSMUST00000028282	ENSMUSG00000026918	Brd3	protein_coding
chr2	-	801100	831206	12	801100,804721,805777,808353,809833,812429,814977,817049,817941,818975,819409,831097	804100,804846,806069,808594,810024,812557,815348,817263,818088,819112,819713,831206	ENSMUST00000077737	ENSMUSG00000026918	Brd3	protein_coding
chr2	-	801121	831193	13	801121,804721,805777,808353,808920,809833,812429,814977,817049,817941,818975,819409,831097	804100,804846,806069,808594,808970,810024,812557,815348,817263,818088,819112,819713,831193	ENSMUST00000113941	ENSMUSG00000026918	Brd3	protein_coding
chr2	-	803363	819636	12	803363,803920,804721,805777,808353,809833,812429,814977,817049,817941,818975,819409	803889,804100,804846,806069,808594,810024,812557,815348,817263,818088,819112,819636	ENSMUST00000164296	ENSMUSG00000026918	Brd3	protein_coding
chr2	-	804789	831174	12	804789,805777,808353,808920,809833,812429,814977,817049,817941,818975,819409,831097	804846,806069,808594,808970,810024,812557,815348,817263,818088,819112,819713,831174	ENSMUST00000138693	ENSMUSG00000026918	Brd3	protein_coding
chr2	-	804789	863182	12	804789,805777,808353,808920,809833,812429,814977,817049,817941,818975,819409,863010	804846,806069,808594,808970,810024,812557,815348,817263,818088,819112,819713,863182	ENSMUST00000154316	ENSMUSG00000026918	Brd3	protein_coding
chr2	-	808516	831173	8	808516,812429,814977,817049,817941,818975,819409,831097	810024,812557,815348,817263,818088,819112,819713,831173	ENSMUST00000130932	ENSMUSG00000026918	Brd3	protein_coding
chr2	-	819051	831127	4	819051,819409,828096,831097	819112,819713,828134,831127	ENSMUST00000147736	ENSMUSG00000026918	Brd3	protein_coding
chr2	-	819412	820102	2	819412,819842	819713,820102	ENSMUST00000144758	ENSMUSG00000026918	Brd3	protein_coding
chr2	-	819519	830701	2	819519,830566	819713,830701	ENSMUST00000126059	ENSMUSG00000026918	Brd3	protein_coding
chr2	-	806069	806150	1	806069	806150	ENSMUST00000183455	ENSMUSG00000098812	Mir7578	miRNA
chr2	+	870677	876173	5	870677,874149,874869,875263,875847	870800,874312,874977,875336,876173	ENSMUST00000144315	ENSMUSG00000026917	Wdr5	protein_coding
chr2	+	870677	892055	14	870677,874149,874869,875263,875847,876093,876348,880626,883794,887159,888513,888857,889288,890277	870800,874312,874977,875336,875936,876182,876431,880681,883840,887234,888546,888931,889375,892055	ENSMUST00000113952	ENSMUSG00000026917	Wdr5	protein_coding
chr2	+	875281	890563	12	875281,875847,876093,876348,880626,883794,886472,887159,888513,888857,889288,890277	875336,875936,876182,876431,880681,883840,886519,887234,888546,888931,889375,890563	ENSMUST00000140396	ENSMUSG00000026917	Wdr5	protein_coding
chr2	+	883292	888875	4	883292,887159,888513,888857	883840,887234,888546,888875	ENSMUST00000125088	ENSMUSG00000026917	Wdr5	protein_coding
chr2	-	895325	895450	1	895325	895450	ENSMUST00000116888	ENSMUSG00000080538	Gm25541	snRNA
chr2	+	895946	898882	2	895946,898249	896114,898882	ENSMUST00000142511	ENSMUSG00000085929	Gm13421	processed_transcript
chr2	+	895949	898705	2	895949,898249	896040,898705	ENSMUST00000132898	ENSMUSG00000085929	Gm13421	processed_transcript
chr3	-	3025	8518	2	3025,8487	5650,8518	ENSMUST00000181021	ENSMUSG00000097280	AI849053	lincRNA
chr3	+	4546	7404	2	4546,5433	5152,7404	ENSMUST00000181406	ENSMUSG00000097428	AW047730	processed_transcript
chr3	+	4558	7404	2	4558,7016	5152,7404	ENSMUST00000180555	ENSMUSG00000097428	AW047730	processed_transcript
chr3	+	10736	15218	2	10736,13558	11277,15218	ENSMUST00000181134	ENSMUSG00000097156	Gm3764	lincRNA
chr3	+	10749	29361	6	10749,13558,25026,26893,28191,29315	11277,13639,25207,26977,28358,29361	ENSMUST00000181550	ENSMUSG00000097156	Gm3764	lincRNA
chr3	+	11235	29918	5	11235,13558,24879,28191,29867	11277,13639,24973,28358,29918	ENSMUST00000180582	ENSMUSG00000097156	Gm3764	lincRNA
chr3	+	13395	28211	3	13395,25026,28188	13639,25207,28211	ENSMUST00000181636	ENSMUSG00000097156	Gm3764	lincRNA
chr3	+	18408	25783	2	18408,24879	18590,25783	ENSMUST00000181356	ENSMUSG00000097156	Gm3764	lincRNA
chr3	+	18418	29969	5	18418,25026,26893,28191,29867	18590,25207,26977,28358,29969	ENSMUST00000181396	ENSMUSG00000097156	Gm3764	lincRNA
chr3	+	26587	28225	2	26587,28191	26977,28225	ENSMUST00000181622	ENSMUSG00000097156	Gm3764	lincRNA
chr3	+	28203	33882	5	28203,29867,31289,32935,33608	28358,29969,31591,33288,33882	ENSMUST00000180635	ENSMUSG00000097156	Gm3764	lincRNA
chr3	+	29856	31933	2	29856,31289	29969,31933	ENSMUST00000180984	ENSMUSG00000097156	Gm3764	lincRNA
chr3	+	32491	33693	3	32491,32935,33608	32623,33288,33693	ENSMUST00000180478	ENSMUSG00000097156	Gm3764	lincRNA
chr3	+	32706	33882	2	32706,33608	33288,33882	ENSMUST00000181361	ENSMUSG00000097156	Gm3764	lincRNA
chr3	+	19094	19180	1	19094	19180	ENSMUST00000175247	ENSMUSG00000092988	Mir3093	miRNA
chr3	-	19512	19619	1	19512	19619	ENSMUST00000175135	ENSMUSG00000092876	Gm25641	miRNA
chr3	+	19521	19609	1	19521	19609	ENSMUST00000199907	ENSMUSG00000106493	Mir9-1	miRNA
chr3	-	46797	58632	10	46797,47516,48448,49056,49359,49738,51355,51610,52200,58392	47371,47589,48569,49189,49496,49904,51502,51760,52386,58632	ENSMUST00000171887	ENSMUSG00000104445	Rhbg	protein_coding
chr3	-	47303	91133	10	47303,47516,48448,49056,49359,49738,51355,51610,52200,91021	47371,47589,48569,49189,49496,49904,51502,51760,52386,91133	ENSMUST00000165196	ENSMUSG00000103766	Gm38392	protein_coding
chr3	-	49118	91133	8	49118,49359,49738,51355,51610,52200,83855,91021	49189,49496,49904,51502,51760,52386,84075,91133	ENSMUST00000163277	ENSMUSG00000103766	Gm38392	protein_coding
chr3	-	86680	100922	4	86680,91021,99314,100747	86907,91140,99373,100922	ENSMUST00000107556	ENSMUSG00000010538	Tsacc	protein_coding
chr3	-	86683	100761	4	86683,91021,99314,100686	86907,91140,99373,100761	ENSMUST00000010682	ENSMUSG00000010538	Tsacc	protein_coding
chr3	-	98847	100819	2	98847,100747	99373,100819	ENSMUST00000123536	ENSMUSG00000010538	Tsacc	protein_coding
chr3	-	88530	88676	1	88530	88676	ENSMUST00000195161	ENSMUSG00000103574	Gm37116	processed_pseudogene
chr3	+	101039	125690	14	101039,103265,104723,104852,106691,108936,113084,115596,117165,117479,122269,124383,124937,125367	101189,103326,104773,104914,106787,109053,113270,115745,117297,117560,122449,124628,125068,125690	ENSMUST00000001452	ENSMUSG00000001416	Cct3	protein_coding
chr3	+	101040	102870	1	101040	102870	ENSMUST00000193666	ENSMUSG00000001416	Cct3	protein_coding
chr3	+	101046	125430	12	101046,103265,106691,108936,113084,115596,117014,117479,122269,124383,124937,125367	101189,104914,106787,109053,113270,115745,117297,117560,122449,124628,125068,125430	ENSMUST00000167000	ENSMUSG00000001416	Cct3	protein_coding
chr3	+	101049	118330	9	101049,103265,104723,106691,108936,113084,115596,117165,117479	101189,103326,104914,106787,109053,113270,115745,117297,118330	ENSMUST00000164783	ENSMUSG00000001416	Cct3	protein_coding
chr3	+	101076	125430	12	101076,103265,104723,106691,108936,113084,115596,117165,117479,122269,124383,124937	101189,103326,104914,106787,109053,113270,115745,117297,117560,122449,124628,125430	ENSMUST00000167718	ENSMUSG00000001416	Cct3	protein_coding
chr3	+	101097	125689	12	101097,103265,106691,108936,113084,115596,117165,117479,122269,124383,124937,125367	101189,103326,106787,109053,113270,115745,117297,117560,122449,124628,125068,125689	ENSMUST00000164166	ENSMUSG00000001416	Cct3	protein_coding
chr3	+	101111	125430	13	101111,103265,104723,104852,106691,108936,113084,115596,117165,117479,122269,124383,124937	101189,103326,104773,104914,106787,109053,113270,115745,117297,117560,122449,124628,125430	ENSMUST00000168062	ENSMUSG00000001416	Cct3	protein_coding
chr3	+	106761	124573	7	106761,108936,113084,117165,117479,122269,124383	106787,109053,113270,117297,117560,122449,124573	ENSMUST00000163735	ENSMUSG00000001416	Cct3	protein_coding
chr3	+	124918	125687	2	124918,125367	125068,125687	ENSMUST00000164122	ENSMUSG00000001416	Cct3	protein_coding
chr3	+	124971	125688	3	124971,125233,125367	125068,125286,125688	ENSMUST00000168971	ENSMUSG00000001416	Cct3	protein_coding
chr3	+	128946	135236	6	128946,129600,130038,130334,131780,132126	129124,129854,130235,130552,132036,135236	ENSMUST00000177005	ENSMUSG00000001418	Glmp	protein_coding
chr3	+	128978	133434	1	128978	133434	ENSMUST00000193646	ENSMUSG00000001418	Glmp	protein_coding
chr3	+	128981	130501	3	128981,129600,130334	129124,130235,130501	ENSMUST00000153716	ENSMUSG00000001418	Glmp	protein_coding
chr3	+	128983	131510	2	128983,130334	130235,131510	ENSMUST00000152801	ENSMUSG00000001418	Glmp	protein_coding
chr3	+	128995	130390	4	128995,129854,130038,130334	129124,129938,130235,130390	ENSMUST00000131666	ENSMUSG00000001418	Glmp	protein_coding
chr3	+	129005	132286	3	129005,129600,132215	129124,129854,132286	ENSMUST00000176519	ENSMUSG00000001418	Glmp	protein_coding
chr3	+	129005	132291	5	129005,129600,130334,131780,132126	129124,129854,130552,132036,132291	ENSMUST00000001454	ENSMUSG00000001418	Glmp	protein_coding
chr3	+	129005	132291	5	129005,130038,130334,131780,132126	129124,130235,130552,132036,132291	ENSMUST00000176425	ENSMUSG00000001418	Glmp	protein_coding
chr3	+	129967	132241	4	129967,130334,131780,132126	130235,130552,132036,132241	ENSMUST00000140039	ENSMUSG00000001418	Glmp	protein_coding
chr3	+	131996	132504	2	131996,132099	132036,132504	ENSMUST00000154381	ENSMUSG00000001418	Glmp	protein_coding
chr3	-	132578	138427	4	132578,136363,136815,138305	133855,136576,137605,138427	ENSMUST00000001456	ENSMUSG00000001420	Tmem79	protein_coding
chr3	-	132969	138191	4	132969,136363,136815,138031	133855,136576,137605,138191	ENSMUST00000107553	ENSMUSG00000001420	Tmem79	protein_coding
chr3	-	132970	138377	4	132970,136363,136815,138305	133855,136576,137704,138377	ENSMUST00000107552	ENSMUSG00000001420	Tmem79	protein_coding
chr3	-	137061	140071	2	137061,139826	137605,140071	ENSMUST00000193872	ENSMUSG00000001420	Tmem79	protein_coding
chr3	+	140183	166261	22	140183,145781,146364,146803,149286,150368,151441,153065,153299,153939,154620,154902,156886,157799,158455,159501,162576,162950,163471,164254,164677,164948	140420,145879,146487,146959,149375,150457,151519,153190,153367,154147,154757,155504,157061,157874,158630,159659,162635,163109,163561,164328,164815,166261	ENSMUST00000001451	ENSMUSG00000001415	Smg5	protein_coding
chr3	+	140234	156652	12	140234,145781,146364,146803,149286,150368,151441,153065,153299,153939,154620,154902	140420,145879,146487,146959,149375,150457,151519,153190,153367,154147,154757,156652	ENSMUST00000192057	ENSMUSG00000001415	Smg5	protein_coding
chr3	+	140288	147239	5	140288,145781,146364,146446,146803	140420,145879,146403,146487,147239	ENSMUST00000194942	ENSMUSG00000001415	Smg5	protein_coding
chr3	+	144643	151519	7	144643,145781,146364,146803,149286,150368,151441	144781,145879,146487,146959,149375,150457,151519	ENSMUST00000193007	ENSMUSG00000001415	Smg5	protein_coding
chr3	+	146364	154654	9	146364,146803,149286,150368,151441,153034,153299,153939,154620	146487,146959,149375,150457,151519,153190,153367,154147,154654	ENSMUST00000192009	ENSMUSG00000001415	Smg5	protein_coding
chr3	+	156414	158560	3	156414,157799,158455	157061,157874,158560	ENSMUST00000193097	ENSMUSG00000001415	Smg5	protein_coding
chr3	+	162117	163560	3	162117,162950,163471	162635,163109,163560	ENSMUST00000192377	ENSMUSG00000001415	Smg5	protein_coding
chr3	+	162270	165193	7	162270,162576,162950,163471,164254,164677,164948	162331,162635,163109,163561,164328,164815,165193	ENSMUST00000193224	ENSMUSG00000001415	Smg5	protein_coding
chr3	+	164459	165014	2	164459,164948	164815,165014	ENSMUST00000194359	ENSMUSG00000001415	Smg5	protein_coding
chr3	+	168507	171956	6	168507,168951,169598,170828,171142,171612	168546,169026,169725,170924,171292,171956	ENSMUST00000147948	ENSMUSG00000041423	Paqr6	protein_coding
chr3	+	168512	172464	8	168512,168951,169598,169805,170083,170828,171142,171612	168546,169026,169725,170007,170209,170924,171292,172464	ENSMUST00000147991	ENSMUSG00000041423	Paqr6	protein_coding
chr3	+	168514	171166	8	168514,168951,169150,169598,169805,170083,170828,171142	168546,169026,169225,169725,170007,170209,170924,171166	ENSMUST00000149640	ENSMUSG00000041423	Paqr6	protein_coding
chr3	+	168516	169725	2	168516,168951	168546,169725	ENSMUST00000123200	ENSMUSG00000041423	Paqr6	protein_coding
chr3	+	170645	172464	3	170645,171142,171612	170924,171292,172464	ENSMUST00000147818	ENSMUSG00000041423	Paqr6	protein_coding
chr3	-	172539	176666	7	172539,173018,173219,173396,174051,175297,176462	172811,173075,173251,173531,174286,175402,176666	ENSMUST00000107543	ENSMUSG00000074489	Bglap3	protein_coding
chr3	-	172543	173504	2	172543,173396	173251,173504	ENSMUST00000152477	ENSMUSG00000074489	Bglap3	protein_coding
chr3	-	172543	173645	3	172543,173219,173396	173075,173251,173645	ENSMUST00000140259	ENSMUSG00000074489	Bglap3	protein_coding
chr3	-	172545	173754	4	172545,173018,173219,173396	172811,173075,173251,173754	ENSMUST00000075523	ENSMUSG00000074489	Bglap3	protein_coding
chr3	-	172545	176666	6	172545,173018,173219,173396,174051,176462	172811,173075,173251,173531,175402,176666	ENSMUST00000107542	ENSMUSG00000074489	Bglap3	protein_coding
chr3	+	179946	180998	3	179946,180262,180727	180044,180412,180998	ENSMUST00000179946	ENSMUSG00000096792	Gm21956	unprocessed_pseudogene
chr3	-	181659	182622	4	181659,182132,182333,182510	181925,182189,182365,182622	ENSMUST00000098956	ENSMUSG00000074486	Bglap2	protein_coding
chr3	+	185695	186767	3	185695,186022,186496	185813,186172,186767	ENSMUST00000107540	ENSMUSG00000078691	Gm6821	unprocessed_pseudogene
chr3	-	187424	188356	4	187424,187897,188098,188275	187690,187954,188130,188356	ENSMUST00000076048	ENSMUSG00000074483	Bglap	protein_coding
chr3	-	187750	188387	3	187750,188098,188275	187954,188130,188387	ENSMUST00000128732	ENSMUSG00000074483	Bglap	protein_coding
chr3	-	198066	214249	3	198066,199828,214079	198493,200023,214249	ENSMUST00000193338	ENSMUSG00000028066	Pmf1	protein_coding
chr3	-	198066	214254	5	198066,199828,203058,203634,214079	198493,200023,203158,203739,214254	ENSMUST00000056370	ENSMUSG00000028066	Pmf1	protein_coding
chr3	-	198302	214188	6	198302,199637,199828,203058,203634,214079	198493,199733,200023,203158,203739,214188	ENSMUST00000192365	ENSMUSG00000028066	Pmf1	protein_coding
chr3	-	199666	200643	1	199666	200643	ENSMUST00000195899	ENSMUSG00000028066	Pmf1	protein_coding
chr3	-	199991	214209	4	199991,203058,203634,214079	200023,203227,203739,214209	ENSMUST00000192909	ENSMUSG00000028066	Pmf1	protein_coding
chr3	-	201288	203633	1	201288	203633	ENSMUST00000198774	ENSMUSG00000028066	Pmf1	protein_coding
chr3	-	203456	214231	2	203456,214079	203739,214231	ENSMUST00000191622	ENSMUSG00000028066	Pmf1	protein_coding
chr3	-	214421	229030	3	214421,224424,228651	216820,225061,229030	ENSMUST00000168755	ENSMUSG00000050144	Slc25a44	protein_coding
chr3	-	214421	229031	4	214421,219911,224424,228769	216820,220038,225061,229031	ENSMUST00000193433	ENSMUSG00000050144	Slc25a44	protein_coding
chr3	-	214422	229035	4	214422,219911,224424,228697	216820,220038,225061,229035	ENSMUST00000195657	ENSMUSG00000050144	Slc25a44	protein_coding
chr3	-	214422	229062	4	214422,219911,224424,228651	216820,220038,225061,229062	ENSMUST00000057935	ENSMUSG00000050144	Slc25a44	protein_coding
chr3	+	232859	233318	1	232859	233318	ENSMUST00000199370	ENSMUSG00000106568	Gm42814	processed_pseudogene
chr3	-	239882	259662	15	239882,241726,242106,242366,244621,251914,253603,253911,254434,255268,255611,255943,256894,258602,259471	241175,241823,242263,242484,244801,252064,253775,254035,254550,255373,255709,256005,257054,258769,259662	ENSMUST00000029700	ENSMUSG00000028064	Sema4a	protein_coding
chr3	-	239885	245062	5	239885,241726,242106,242366,244621	241175,241823,242263,242484,245062	ENSMUST00000156108	ENSMUSG00000028064	Sema4a	protein_coding
chr3	-	239885	252553	6	239885,241726,242106,242366,244621,251914	241175,241823,242263,242484,244801,252553	ENSMUST00000135539	ENSMUSG00000028064	Sema4a	protein_coding
chr3	-	239885	253961	7	239885,241726,242106,242366,244621,251914,253603	241175,241823,242263,242484,244801,252064,253961	ENSMUST00000149145	ENSMUSG00000028064	Sema4a	protein_coding
chr3	-	239885	259620	13	239885,241726,242106,242366,244621,251914,253603,253911,254434,255268,255943,256894,259467	241175,241823,242263,242484,244801,252064,253775,254035,254550,255373,256005,257054,259620	ENSMUST00000107531	ENSMUSG00000028064	Sema4a	protein_coding
chr3	-	239885	265105	15	239885,241726,242106,242366,244621,251914,253603,253911,254434,255268,255611,255943,256894,258602,265070	241175,241823,242263,242484,244801,252064,253775,254035,254550,255373,255709,256005,257054,258769,265105	ENSMUST00000166237	ENSMUSG00000028064	Sema4a	protein_coding
chr3	-	239885	263024	15	239885,241726,242106,242366,244621,251914,253603,253911,254434,255268,255611,255943,256894,258602,262910	241175,241823,242263,242484,244801,252064,253775,254035,254550,255373,255709,256005,257054,258769,263024	ENSMUST00000165898	ENSMUSG00000028064	Sema4a	protein_coding
chr3	-	239885	262807	15	239885,241726,242106,242366,244621,251914,253603,253911,254434,255268,255611,255943,256894,258602,262734	241175,241823,242263,242484,244801,252064,253775,254035,254550,255373,255709,256005,257054,258769,262807	ENSMUST00000169222	ENSMUSG00000028064	Sema4a	protein_coding
chr3	-	253609	255373	5	253609,253911,254434,254686,255268	253775,254035,254550,254869,255373	ENSMUST00000185137	ENSMUSG00000028064	Sema4a	protein_coding
chr3	-	253747	255709	4	253747,253911,254434,255268	253775,254035,254550,255709	ENSMUST00000135732	ENSMUSG00000028064	Sema4a	protein_coding
chr3	-	253958	259237	8	253958,254434,255268,255611,255943,256894,258602,259181	254035,254550,255390,255709,256005,257054,258769,259237	ENSMUST00000184487	ENSMUSG00000028064	Sema4a	protein_coding
chr3	-	254020	263024	8	254020,254434,255268,255611,255943,256894,258602,262910	254035,254550,255373,255709,256005,257054,258769,263024	ENSMUST00000127436	ENSMUSG00000028064	Sema4a	protein_coding
chr3	-	254491	262953	7	254491,255268,255611,255943,256894,258602,262910	254550,255420,255709,256005,257054,258769,262953	ENSMUST00000184876	ENSMUSG00000028064	Sema4a	protein_coding
chr3	-	254508	262799	7	254508,255268,255611,255943,256894,258602,262734	254550,255373,255709,256005,257054,258769,262799	ENSMUST00000147200	ENSMUSG00000028064	Sema4a	protein_coding
chr3	-	255967	259228	5	255967,256894,258602,259003,259204	256005,257054,258769,259115,259228	ENSMUST00000125526	ENSMUSG00000028064	Sema4a	protein_coding
chr3	-	256754	258765	2	256754,258602	257054,258765	ENSMUST00000184972	ENSMUSG00000028064	Sema4a	protein_coding
chr3	-	257012	260338	4	257012,258602,259471,260057	257054,258769,259607,260338	ENSMUST00000141471	ENSMUSG00000028064	Sema4a	protein_coding
chr3	-	258688	260359	2	258688,260057	258769,260359	ENSMUST00000123753	ENSMUSG00000028064	Sema4a	protein_coding
chr3	-	259648	260359	2	259648,260057	259715,260359	ENSMUST00000146921	ENSMUSG00000028064	Sema4a	protein_coding
chr3	-	244802	244874	1	244802	244874	ENSMUST00000183768	ENSMUSG00000098655	Mir7011	miRNA
chr3	+	278507	279076	1	278507	279076	ENSMUST00000193850	ENSMUSG00000103304	Gm5979	unprocessed_pseudogene
chr3	-	284069	288529	3	284069,287749,287969	287335,287868,288529	ENSMUST00000147537	ENSMUSG00000028063	Lmna	protein_coding
chr3	-	285070	307257	12	285070,286268,287240,287749,287969,288537,288849,290126,290382,290730,292197,306670	286022,286534,287335,287868,288076,288759,289069,290251,290552,290855,292353,307257	ENSMUST00000029699	ENSMUSG00000028063	Lmna	protein_coding
chr3	-	285768	307259	6	285768,286268,287240,287749,287969,307176	286022,286534,287335,287868,288047,307259	ENSMUST00000135494	ENSMUSG00000028063	Lmna	protein_coding
chr3	-	285999	286786	2	285999,286268	286022,286786	ENSMUST00000150496	ENSMUSG00000028063	Lmna	protein_coding
chr3	-	287127	307229	10	287127,287749,287969,288537,288849,290126,290382,290730,292197,306670	287335,287868,288076,288759,289069,290251,290552,290855,292353,307229	ENSMUST00000120377	ENSMUSG00000028063	Lmna	protein_coding
chr3	-	287128	297234	10	287128,287749,287969,288537,288849,290126,290382,290730,292197,297159	287335,287868,288076,288759,289069,290251,290552,290855,292353,297234	ENSMUST00000036252	ENSMUSG00000028063	Lmna	protein_coding
chr3	-	306675	313878	3	306675,308091,313803	307308,308165,313878	ENSMUST00000149068	ENSMUSG00000028063	Lmna	protein_coding
chr3	-	329988	331277	1	329988	331277	ENSMUST00000193595	ENSMUSG00000103115	Gm37584	lincRNA
chr3	+	336317	345318	2	336317,339995	336770,345318	ENSMUST00000172699	ENSMUSG00000074480	Mex3a	protein_coding
chr3	-	340223	340304	1	340223	340304	ENSMUST00000122779	ENSMUSG00000084728	Mir1905	miRNA
chr3	-	345951	352222	5	345951,346623,347242,348983,351955	346292,346703,347435,349178,352222	ENSMUST00000008745	ENSMUSG00000008601	Rab25	protein_coding
chr3	-	346231	352171	6	346231,346623,347242,348983,351544,351955	346292,346703,347435,349178,351690,352171	ENSMUST00000131775	ENSMUSG00000008601	Rab25	protein_coding
chr3	-	346598	347436	2	346598,347242	346703,347436	ENSMUST00000141371	ENSMUSG00000008601	Rab25	protein_coding
chr3	-	348564	352204	2	348564,351955	349178,352204	ENSMUST00000149724	ENSMUSG00000008601	Rab25	protein_coding
chr3	-	353741	355016	2	353741,354618	353926,355016	ENSMUST00000145548	ENSMUSG00000028062	Lamtor2	protein_coding
chr3	-	353741	356946	4	353741,354618,356277,356718	353926,354707,356439,356946	ENSMUST00000029698	ENSMUSG00000028062	Lamtor2	protein_coding
chr3	-	353742	356781	4	353742,354618,356277,356652	353926,354707,356439,356781	ENSMUST00000119002	ENSMUSG00000028062	Lamtor2	protein_coding
chr3	-	353743	356815	3	353743,354618,356652	353926,354707,356815	ENSMUST00000156421	ENSMUSG00000028062	Lamtor2	protein_coding
chr3	-	356152	356996	2	356152,356718	356439,356996	ENSMUST00000145172	ENSMUSG00000028062	Lamtor2	protein_coding
chr3	+	357680	373649	11	357680,359260,359712,360579,363540,367030,368292,368929,369135,369613,372003	357834,359411,359914,360841,363698,367255,368431,369012,369250,369799,373649	ENSMUST00000008748	ENSMUSG00000008604	Ubqln4	protein_coding
chr3	+	357686	367482	6	357686,359260,359712,360579,363540,367030	357834,359411,359914,360841,363698,367482	ENSMUST00000194303	ENSMUSG00000008604	Ubqln4	protein_coding
chr3	+	357718	360760	4	357718,359324,359712,360579	357834,359411,359914,360760	ENSMUST00000192962	ENSMUSG00000008604	Ubqln4	protein_coding
chr3	+	360625	368436	2	360625,368292	360841,368436	ENSMUST00000192687	ENSMUSG00000008604	Ubqln4	protein_coding
chr3	+	367829	369196	2	367829,368929	368431,369196	ENSMUST00000195498	ENSMUSG00000008604	Ubqln4	protein_coding
chr3	+	379800	387797	5	379800,380424,383804,384898,387701	379904,380527,383958,384996,387797	ENSMUST00000192688	ENSMUSG00000041355	Ssr2	protein_coding
chr3	+	379863	383907	5	379863,380163,380424,381019,383804	379904,380305,380527,381120,383907	ENSMUST00000193069	ENSMUSG00000041355	Ssr2	protein_coding
chr3	+	379873	383900	3	379873,380163,383804	379904,380527,383900	ENSMUST00000194604	ENSMUSG00000041355	Ssr2	protein_coding
chr3	+	383532	392343	6	383532,383804,384898,387701,390789,391805	383610,383958,384996,387809,390866,392343	ENSMUST00000195014	ENSMUSG00000041355	Ssr2	protein_coding
chr3	+	383565	391943	6	383565,383804,384898,387724,390789,391805	383610,383958,384962,387809,390866,391943	ENSMUST00000193934	ENSMUSG00000041355	Ssr2	protein_coding
chr3	+	383591	391957	6	383591,383804,384898,387661,390789,391805	383610,383958,384962,387809,390866,391957	ENSMUST00000192495	ENSMUSG00000041355	Ssr2	protein_coding
chr3	+	383595	392343	5	383595,384898,387701,390789,391805	383958,384996,387809,390866,392343	ENSMUST00000035785	ENSMUSG00000041355	Ssr2	protein_coding
chr3	-	380334	381063	1	380334	381063	ENSMUST00000098952	ENSMUSG00000074479	Gm10704	processed_pseudogene
chr3	+	409890	411777	2	409890,411719	410237,411777	ENSMUST00000212392	ENSMUSG00000028059	Arhgef2	protein_coding
chr3	+	411378	418501	3	411378,411719,418431	411504,411863,418501	ENSMUST00000176226	ENSMUSG00000028059	Arhgef2	protein_coding
chr3	+	411583	421263	5	411583,418431,419406,420485,421173	411863,418548,419445,420578,421263	ENSMUST00000175749	ENSMUSG00000028059	Arhgef2	protein_coding
chr3	+	411715	450853	25	411715,418431,419406,420485,433711,435835,436200,436837,437182,437430,438334,438907,439525,439779,442195,443247,444207,446350,446850,447073,447269,447486,447714,450101,450714	411863,418548,419445,420578,433855,435902,436263,436966,437291,437570,438584,439032,439642,440027,442271,443416,444274,446550,446963,447140,447304,447536,448157,450284,450853	ENSMUST00000175903	ENSMUSG00000028059	Arhgef2	protein_coding
chr3	+	418345	421425	4	418345,419406,420485,421173	418548,419445,420578,421425	ENSMUST00000176514	ENSMUSG00000028059	Arhgef2	protein_coding
chr3	+	418533	437519	9	418533,419406,420485,433711,435835,436200,436837,437182,437424	418548,419445,420578,433855,435902,436257,436966,437291,437519	ENSMUST00000177023	ENSMUSG00000028059	Arhgef2	protein_coding
chr3	+	419291	438423	9	419291,420485,433711,435835,436200,436837,437182,437424,438334	419445,420578,433855,435902,436263,436966,437291,437570,438423	ENSMUST00000176539	ENSMUSG00000028059	Arhgef2	protein_coding
chr3	+	420067	451456	23	420067,420485,433711,435835,436200,436837,437182,437424,438334,438907,439525,439779,442195,443247,444207,446350,446850,447073,447269,447486,447714,450101,450714	420380,420578,433855,435902,436257,436966,437291,437570,438584,439032,439642,440027,442271,443416,444274,446550,446963,447140,447304,447536,448157,450284,451456	ENSMUST00000177498	ENSMUSG00000028059	Arhgef2	protein_coding
chr3	+	420067	451976	23	420067,420485,433711,435835,436200,436837,437182,437424,438334,438907,439525,439779,442195,443247,444207,446350,446850,447073,447269,447486,447714,450101,450714	420380,420578,433855,435902,436263,436966,437291,437570,438584,439032,439642,440027,442271,443416,444274,446550,446963,447140,447304,447536,448157,450284,451976	ENSMUST00000176500	ENSMUSG00000028059	Arhgef2	protein_coding
chr3	+	420441	450819	22	420441,433711,435835,436200,436837,437182,437424,438334,438907,439525,439779,442195,443247,444207,446350,446850,447073,447269,447486,447714,450101,450714	420578,433855,435902,436263,436966,437291,437570,438584,439032,439642,440027,442271,443416,444274,446550,446963,447140,447304,447536,448157,450284,450819	ENSMUST00000175779	ENSMUSG00000028059	Arhgef2	protein_coding
chr3	+	425030	451976	22	425030,433711,435835,436200,436837,437182,437424,438334,438907,439525,439779,442195,443247,444207,446350,446850,447073,447269,447486,447714,450101,450714	425245,433855,435902,436263,436966,437291,437570,438584,439032,439642,440027,442271,443416,444274,446550,446963,447140,447304,447536,448157,450284,451976	ENSMUST00000029694	ENSMUSG00000028059	Arhgef2	protein_coding
chr3	+	425049	450787	22	425049,433711,435835,436200,436837,437182,437430,438334,438907,439525,439779,442195,443247,444207,446350,446850,447073,447269,447486,447714,450101,450714	425245,433855,435902,436263,436966,437291,437570,438584,439032,439642,440027,442271,443416,444274,446550,446963,447140,447304,447536,448157,450284,450787	ENSMUST00000176804	ENSMUSG00000028059	Arhgef2	protein_coding
chr3	+	425062	443460	13	425062,433711,435835,436200,436837,437182,437424,438334,438907,439525,439779,442195,443247	425245,433855,435902,436263,436966,437291,437570,438584,439032,439642,440027,442271,443460	ENSMUST00000177418	ENSMUSG00000028059	Arhgef2	protein_coding
chr3	+	425216	451974	22	425216,433711,435835,436200,436837,437182,437424,438334,438907,439525,439779,442195,443247,444207,446350,446850,447073,447269,447486,447714,450101,450714	425523,433855,435902,436263,436966,437291,437570,438584,439032,439642,440027,442271,443416,444274,446550,446963,447140,447304,447536,448157,450284,451974	ENSMUST00000107510	ENSMUSG00000028059	Arhgef2	protein_coding
chr3	+	425360	451972	22	425360,433711,435835,436200,436837,437182,437424,438334,438907,439525,439779,442195,443247,444207,446350,446850,447073,447269,447486,447714,450101,450714	425523,433855,435902,436257,436966,437291,437570,438584,439032,439642,440027,442271,443416,444274,446550,446963,447140,447304,447536,448157,450284,451972	ENSMUST00000170653	ENSMUSG00000028059	Arhgef2	protein_coding
chr3	+	425384	438386	7	425384,433711,435835,436200,436837,437424,438334	425523,433855,435902,436263,437291,437570,438386	ENSMUST00000176401	ENSMUSG00000028059	Arhgef2	protein_coding
chr3	+	425472	436984	4	425472,433711,435835,436837	425523,433855,436257,436984	ENSMUST00000176400	ENSMUSG00000028059	Arhgef2	protein_coding
chr3	+	425479	450853	22	425479,433711,435835,436200,436837,437182,437430,438334,438907,439525,439779,442195,443247,444207,446350,446850,447073,447269,447486,447714,450101,450714	425523,433855,435902,436263,436966,437291,437570,438584,439032,439642,440027,442271,443416,444274,446550,446963,447140,447304,447536,448157,450284,450853	ENSMUST00000177303	ENSMUSG00000028059	Arhgef2	protein_coding
chr3	+	426383	436850	5	426383,433711,435835,436200,436837	426521,433855,435902,436257,436850	ENSMUST00000176307	ENSMUSG00000028059	Arhgef2	protein_coding
chr3	+	426845	444632	16	426845,433424,433711,435835,436200,436837,437182,437424,438334,438907,439525,439779,442195,443247,444207,444400	426854,433487,433855,435902,436263,436966,437291,437570,438584,439032,439642,440027,442271,443416,444274,444632	ENSMUST00000175911	ENSMUSG00000028059	Arhgef2	protein_coding
chr3	+	427278	437541	7	427278,433711,435835,436200,436837,437182,437424	427320,433855,435902,436257,436966,437291,437541	ENSMUST00000176243	ENSMUSG00000028059	Arhgef2	protein_coding
chr3	+	433366	436900	5	433366,433711,435835,436200,436837	433487,433855,435902,436263,436900	ENSMUST00000176316	ENSMUSG00000028059	Arhgef2	protein_coding
chr3	+	433393	436025	3	433393,433711,435835	433487,433855,436025	ENSMUST00000177120	ENSMUSG00000028059	Arhgef2	protein_coding
chr3	+	433397	436916	5	433397,433711,435835,436200,436837	433487,433855,435902,436257,436916	ENSMUST00000176879	ENSMUSG00000028059	Arhgef2	protein_coding
chr3	+	433495	436258	4	433495,433711,435835,436200	433614,433855,435902,436258	ENSMUST00000175745	ENSMUSG00000028059	Arhgef2	protein_coding
chr3	+	435835	438586	6	435835,436200,436837,437219,437424,438334	435902,436263,436966,437291,437570,438586	ENSMUST00000176528	ENSMUSG00000028059	Arhgef2	protein_coding
chr3	+	436120	437514	4	436120,436837,437182,437424	436263,436966,437291,437514	ENSMUST00000176079	ENSMUSG00000028059	Arhgef2	protein_coding
chr3	+	436657	437562	3	436657,437182,437424	436966,437291,437562	ENSMUST00000176123	ENSMUSG00000028059	Arhgef2	protein_coding
chr3	+	436842	441740	5	436842,438334,438907,439525,439779	437570,438584,439032,439642,441740	ENSMUST00000177091	ENSMUSG00000028059	Arhgef2	protein_coding
chr3	+	438247	439000	2	438247,438907	438584,439000	ENSMUST00000176301	ENSMUSG00000028059	Arhgef2	protein_coding
chr3	+	446350	447836	5	446350,446850,447269,447486,447714	446550,447140,447304,447536,447836	ENSMUST00000177099	ENSMUSG00000028059	Arhgef2	protein_coding
chr3	+	447856	450889	4	447856,448011,450101,450714	447880,448157,450284,450889	ENSMUST00000176272	ENSMUSG00000028059	Arhgef2	protein_coding
chr3	-	420381	424985	3	420381,421815,424955	420590,421956,424985	ENSMUST00000177314	ENSMUSG00000093390	Gm20652	antisense
chr3	-	455822	457066	1	455822	457066	ENSMUST00000063119	ENSMUSG00000049741	Rxfp4	protein_coding
chr3	-	488948	490321	2	488948,490262	490091,490321	ENSMUST00000198351	ENSMUSG00000105512	Gm43714	antisense
chr3	+	489727	516850	14	489727,490268,493099,493546,496998,497343,500487,502771,503873,504183,512702,513752,514683,515552	489811,490490,493225,493625,497050,497506,500698,502831,503930,504436,512863,513864,514774,516850	ENSMUST00000029696	ENSMUSG00000028060	Khdc4	protein_coding
chr3	+	489738	491986	2	489738,490268	489811,491986	ENSMUST00000200588	ENSMUSG00000028060	Khdc4	protein_coding
chr3	+	489751	516484	14	489751,490268,493099,493546,496998,497343,500487,502771,503873,504183,512702,513780,514683,515552	489811,490490,493225,493625,497050,497506,500698,502831,503930,504436,512863,513864,514774,516484	ENSMUST00000198042	ENSMUSG00000028060	Khdc4	protein_coding
chr3	+	489751	516780	13	489751,490268,493099,493546,496998,497343,500487,502771,503873,504183,512702,513780,514683	489811,490490,493225,493625,497050,497506,500698,502831,503930,504436,512863,513864,516780	ENSMUST00000199684	ENSMUSG00000028060	Khdc4	protein_coding
chr3	+	489757	505535	10	489757,490268,493099,493546,496998,497343,500487,502771,503873,504183	489811,490490,493225,493625,497050,497506,500698,502831,503930,505535	ENSMUST00000200364	ENSMUSG00000028060	Khdc4	protein_coding
chr3	+	489761	515925	14	489761,490268,493099,493546,496998,497343,500487,502771,503873,504287,512702,513752,514683,515552	489811,490490,493225,493625,497050,497506,500698,502831,503930,504436,512863,513864,514774,515925	ENSMUST00000198078	ENSMUSG00000028060	Khdc4	protein_coding
chr3	+	497363	512830	6	497363,500487,502771,503873,504284,512702	497506,500698,502831,503930,504436,512830	ENSMUST00000197300	ENSMUSG00000028060	Khdc4	protein_coding
chr3	+	502761	504838	3	502761,503873,504284	502831,503930,504838	ENSMUST00000200438	ENSMUSG00000028060	Khdc4	protein_coding
chr3	+	503562	512909	3	503562,504287,512702	503930,504436,512909	ENSMUST00000198721	ENSMUSG00000028060	Khdc4	protein_coding
chr3	+	512702	515006	3	512702,513780,514683	512863,513864,515006	ENSMUST00000200622	ENSMUSG00000028060	Khdc4	protein_coding
chr3	+	497852	497979	1	497852	497979	ENSMUST00000197479	ENSMUSG00000105448	Gm25820	scaRNA
chr3	+	497853	497979	1	497853	497979	ENSMUST00000198589	ENSMUSG00000105288	Gm25820	scaRNA
chr3	+	511080	511214	1	511080	511214	ENSMUST00000122484	ENSMUSG00000084433	Gm25945	snoRNA
chr3	+	520764	533653	6	520764,521252,521528,529921,530206,533038	520883,521396,521584,529994,530397,533653	ENSMUST00000029692	ENSMUSG00000028057	Rit1	protein_coding
chr3	+	520802	530295	5	520802,521252,521528,529921,530206	520895,521396,521584,529994,530295	ENSMUST00000171645	ENSMUSG00000028057	Rit1	protein_coding
chr3	+	520807	521933	3	520807,521252,521528	520883,521396,521933	ENSMUST00000165846	ENSMUSG00000028057	Rit1	protein_coding
chr3	+	520820	534967	6	520820,521252,521528,529921,530206,533038	520883,521396,521584,530105,530397,534967	ENSMUST00000170377	ENSMUSG00000028057	Rit1	protein_coding
chr3	+	520824	534975	5	520824,521252,521528,529921,533038	520883,521396,521584,530397,534975	ENSMUST00000166234	ENSMUSG00000028057	Rit1	protein_coding
chr3	+	520825	533474	6	520825,521252,521499,529921,530206,533038	520883,521396,521584,529994,530397,533474	ENSMUST00000172333	ENSMUSG00000028057	Rit1	protein_coding
chr3	+	520832	533482	5	520832,521528,529921,530206,533038	520883,521584,529994,530397,533482	ENSMUST00000172252	ENSMUSG00000028057	Rit1	protein_coding
chr3	+	520837	530245	4	520837,521252,529921,530206	520883,521584,529994,530245	ENSMUST00000172187	ENSMUSG00000028057	Rit1	protein_coding
chr3	+	526016	526596	2	526016,526446	526236,526596	ENSMUST00000108464	ENSMUSG00000091881	Gm17146	antisense
chr3	-	542679	543618	1	542679	543618	ENSMUST00000194270	ENSMUSG00000104333	Gm10253	TEC
chr3	-	548626	555977	3	548626,552705,555838	551936,552828,555977	ENSMUST00000107503	ENSMUSG00000068923	Syt11	protein_coding
chr3	-	548626	579090	5	548626,552705,565652,576217,579030	551936,552828,566475,576916,579090	ENSMUST00000107505	ENSMUSG00000068923	Syt11	protein_coding
chr3	-	548627	576525	4	548627,552705,565652,576217	551936,552828,566475,576525	ENSMUST00000090945	ENSMUSG00000068923	Syt11	protein_coding
chr3	-	551398	566310	3	551398,552708,565652	551936,552828,566310	ENSMUST00000183267	ENSMUSG00000068923	Syt11	protein_coding
chr3	-	576640	579078	2	576640,579030	576961,579078	ENSMUST00000130869	ENSMUSG00000068923	Syt11	protein_coding
chr3	+	579142	629513	19	579142,580910,588234,592263,593284,599390,603541,611833,612479,614595,615940,617610,619558,619936,623591,623974,627468,628276,629316	579200,581440,588425,592364,593324,599413,603644,612028,612568,614763,616084,617760,619674,621691,623712,625725,627723,628460,629513	ENSMUST00000135913	ENSMUSG00000078684	5830417I10Rik	unprocessed_pseudogene
chr3	-	586869	636473	3	586869,629058,636190	588436,629340,636473	ENSMUST00000184014	ENSMUSG00000098912	1500004A13Rik	processed_transcript
chr3	-	604608	636413	3	604608,615140,636190	605118,615295,636413	ENSMUST00000183374	ENSMUSG00000098912	1500004A13Rik	processed_transcript
chr3	-	604614	636294	2	604614,636190	605118,636294	ENSMUST00000184640	ENSMUSG00000098912	1500004A13Rik	processed_transcript
chr3	-	609215	636427	4	609215,614564,615140,636190	612198,614928,615295,636427	ENSMUST00000183966	ENSMUSG00000098912	1500004A13Rik	processed_transcript
chr3	-	610945	636438	3	610945,615140,636190	612198,615295,636438	ENSMUST00000185189	ENSMUSG00000098912	1500004A13Rik	processed_transcript
chr3	-	623571	636473	2	623571,636190	629340,636473	ENSMUST00000183707	ENSMUSG00000098912	1500004A13Rik	processed_transcript
chr3	-	625196	636303	3	625196,629058,636190	625621,629340,636303	ENSMUST00000184958	ENSMUSG00000098912	1500004A13Rik	processed_transcript
chr3	-	628408	636384	3	628408,629058,636190	628505,629340,636384	ENSMUST00000184170	ENSMUSG00000098912	1500004A13Rik	processed_transcript
chr3	-	633974	636457	1	633974	636457	ENSMUST00000184013	ENSMUSG00000098912	1500004A13Rik	processed_transcript
chr3	+	639157	714029	32	639157,640916,650314,658531,659552,659741,661054,662313,662815,667346,672676,673729,679833,683997,690832,691485,693597,694739,696444,698368,698746,702031,702816,703856,705504,706683,706908,709378,711298,711915,712613,713164	639222,641446,650505,658721,659626,659791,661152,662432,662985,667538,672777,673769,679856,684100,691030,691571,693765,694883,696594,698484,700497,702286,703000,704053,705647,706826,707027,709488,711508,712533,712715,714029	ENSMUST00000107498	ENSMUSG00000054199	Gon4l	protein_coding
chr3	+	640942	714024	31	640942,650314,658531,659552,659741,661054,662313,662815,667346,672676,673729,679833,683997,690832,691485,693597,694739,696444,698368,698746,702031,702816,703856,705504,706683,706908,709378,711298,711915,712613,713164	641446,650505,658721,659626,659791,661152,662432,662985,667538,672777,673769,679856,684100,691030,691571,693765,694883,696594,698484,700497,702286,703000,704053,705647,706826,707027,709488,711508,712533,712715,714024	ENSMUST00000081695	ENSMUSG00000054199	Gon4l	protein_coding
chr3	+	640942	714024	31	640942,650314,658528,659552,659741,661054,662313,662815,667346,672676,673729,683225,683986,690832,691485,693597,694739,696444,698368,698746,702031,702816,703856,705504,706683,706908,709378,711298,711915,712613,713164	641446,650505,658721,659626,659791,661152,662432,662985,667538,672777,673769,683237,684100,691030,691571,693765,694883,696594,698484,700497,702286,703000,704053,705647,706826,707027,709488,711508,712533,712715,714024	ENSMUST00000090942	ENSMUSG00000054199	Gon4l	protein_coding
chr3	+	659590	694819	14	659590,659741,660345,661054,662313,662815,667346,672676,673729,683997,690832,691485,693597,694739	659626,659791,660395,661152,662432,662985,667538,672777,673769,684100,691030,691571,693765,694819	ENSMUST00000212694	ENSMUSG00000054199	Gon4l	protein_coding
chr3	+	694361	704425	6	694361,696444,698368,698746,702031,703856	694883,696594,698484,700497,703000,704425	ENSMUST00000198113	ENSMUSG00000054199	Gon4l	protein_coding
chr3	-	648951	703927	2	648951,703598	650516,703927	ENSMUST00000198251	ENSMUSG00000106218	Gm43713	antisense
chr3	+	666845	667006	1	666845	667006	ENSMUST00000082804	ENSMUSG00000064738	Gm23054	snRNA
chr3	-	709033	717857	15	709033,713665,714056,714240,714552,714809,715213,715463,715690,715952,716163,716629,716784,717493,717719	709446,713836,714165,714344,714736,714940,715365,715597,715807,716039,716226,716704,716849,717628,717857	ENSMUST00000107494	ENSMUSG00000068922	Msto1	protein_coding
chr3	-	712553	716000	6	712553,714552,715213,715463,715690,715952	714344,714940,715365,715597,715807,716000	ENSMUST00000137243	ENSMUSG00000068922	Msto1	protein_coding
chr3	-	713541	717925	14	713541,714056,714240,714552,714809,715213,715463,715690,715952,716163,716629,716784,717493,717719	713836,714165,714344,714736,714940,715365,715597,715807,716039,716226,716704,716853,717628,717925	ENSMUST00000126245	ENSMUSG00000068922	Msto1	protein_coding
chr3	-	713570	717829	3	713570,715213,715463	714940,715365,717829	ENSMUST00000147828	ENSMUSG00000068922	Msto1	protein_coding
chr3	-	715285	717808	9	715285,715463,715690,715952,716163,716550,716784,717493,717719	715365,715597,715807,716039,716226,716704,716853,717628,717808	ENSMUST00000128988	ENSMUSG00000068922	Msto1	protein_coding
chr3	+	710436	710554	1	710436	710554	ENSMUST00000083302	ENSMUSG00000065236	n-R5s197	rRNA
chr3	-	724729	754340	13	724729,729220,730198,730937,732135,732373,733322,734402,734838,737491,740075,746701,753794	727839,729337,730287,730996,732293,732453,733452,734494,734946,737592,740179,746754,754340	ENSMUST00000090938	ENSMUSG00000068921	Dap3	protein_coding
chr3	-	727561	729468	2	727561,729220	727839,729468	ENSMUST00000173711	ENSMUSG00000068921	Dap3	protein_coding
chr3	-	727561	753877	12	727561,729220,730937,732135,732373,733322,734402,734838,737491,740075,746701,753794	727839,729337,730996,732293,732453,733452,734494,734946,737592,740179,746754,753877	ENSMUST00000107491	ENSMUSG00000068921	Dap3	protein_coding
chr3	-	727688	734911	7	727688,729220,730198,730937,733322,734402,734838	727839,729337,730287,730996,733452,734494,734911	ENSMUST00000174571	ENSMUSG00000068921	Dap3	protein_coding
chr3	-	727724	734944	8	727724,729220,730198,730937,732373,733322,734402,734838	727839,729337,730287,730996,732453,733452,734494,734944	ENSMUST00000173094	ENSMUSG00000068921	Dap3	protein_coding
chr3	-	727754	755107	13	727754,729220,730198,730937,732135,732373,733322,734402,734838,737491,740075,746701,754887	727839,729337,730287,730996,732293,732453,733452,734494,734946,737592,740179,746754,755107	ENSMUST00000173135	ENSMUSG00000068921	Dap3	protein_coding
chr3	-	732400	754224	8	732400,733322,734402,734838,737491,740075,746701,754042	732453,733452,734494,734946,737592,740179,746754,754224	ENSMUST00000174077	ENSMUSG00000068921	Dap3	protein_coding
chr3	-	732434	755034	8	732434,733322,734402,734838,737491,740075,746701,754795	732453,733452,734494,734946,737592,740179,746754,755034	ENSMUST00000173021	ENSMUSG00000068921	Dap3	protein_coding
chr3	-	733369	754197	7	733369,734402,734838,737491,740075,753794,754042	733452,734494,734946,737592,740179,753867,754197	ENSMUST00000174402	ENSMUSG00000068921	Dap3	protein_coding
chr3	-	733417	753832	6	733417,734402,734838,740075,746701,753794	733452,734494,734946,740179,746754,753832	ENSMUST00000172942	ENSMUSG00000068921	Dap3	protein_coding
chr3	-	737529	742447	3	737529,740075,741992	737592,740179,742447	ENSMUST00000174491	ENSMUSG00000068921	Dap3	protein_coding
chr3	-	752979	754963	3	752979,753486,754795	753268,753867,754963	ENSMUST00000188259	ENSMUSG00000068921	Dap3	protein_coding
chr3	-	754570	755035	2	754570,754887	754808,755035	ENSMUST00000172790	ENSMUSG00000068921	Dap3	protein_coding
chr3	+	754548	883301	28	754548,769738,785159,805699,811068,826957,830338,837185,839143,839299,847045,847423,855915,856669,857003,858289,862414,867577,867712,870098,871081,872913,874154,874400,876372,878651,879902,880917	754921,770254,789716,805800,811803,827136,830432,837258,839188,839407,847251,847569,856023,856833,857097,858443,862566,867631,867844,870346,871167,873003,874292,874572,876538,878691,880203,883301	ENSMUST00000186583	ENSMUSG00000028053	Ash1l	protein_coding
chr3	+	769738	883299	27	769738,785159,805699,811068,826957,830338,837185,839143,839299,847045,847423,855915,856669,857003,858289,862414,867577,867712,870098,871081,872913,874154,874400,876372,878651,879902,880917	770254,789716,805800,811803,827136,830432,837258,839188,839407,847251,847569,856023,856833,857097,858443,862566,867631,867844,870346,871167,873003,874292,874572,876538,878691,880203,883299	ENSMUST00000090933	ENSMUSG00000028053	Ash1l	protein_coding
chr3	+	827109	832194	2	827109,830338	827136,832194	ENSMUST00000198846	ENSMUSG00000028053	Ash1l	protein_coding
chr3	+	856728	859706	2	856728,858289	857097,859706	ENSMUST00000189824	ENSMUSG00000028053	Ash1l	protein_coding
chr3	-	774549	774655	1	774549	774655	ENSMUST00000178517	ENSMUSG00000095712	Gm26465	snRNA
chr3	-	852924	853053	1	852924	853053	ENSMUST00000104616	ENSMUSG00000077804	Gm24403	snoRNA
chr3	-	885865	905025	19	885865,888435,890699,891645,892726,892926,893103,893411,893595,895958,897573,898378,898786,898940,899280,899525,903226,904595,904847	885931,888576,890821,892194,892772,893031,893277,893487,893693,896082,897769,898455,898858,899028,899402,899605,903366,904757,905025	ENSMUST00000200659	ENSMUSG00000105204	Gm43738	protein_coding
chr3	-	887907	893971	9	887907,890699,891645,892726,892926,893103,893411,893595,893897	888576,890821,892194,892772,893031,893277,893487,893693,893971	ENSMUST00000166687	ENSMUSG00000041263	Rusc1	protein_coding
chr3	-	887907	897216	11	887907,890699,891645,892726,892926,893103,893411,893595,894422,895064,897193	888576,890821,892194,892772,893031,893277,893487,893693,894832,896487,897216	ENSMUST00000090929	ENSMUSG00000041263	Rusc1	protein_coding
chr3	-	887907	897237	10	887907,890699,891645,892726,892926,893103,893411,893595,895064,897193	888576,890821,892194,892772,893031,893277,893487,893693,896487,897237	ENSMUST00000052539	ENSMUSG00000041263	Rusc1	protein_coding
chr3	-	891047	893667	1	891047	893667	ENSMUST00000200357	ENSMUSG00000041263	Rusc1	protein_coding
chr3	-	892147	893901	6	892147,892726,892926,893103,893411,893595	892194,892772,893031,893277,893487,893901	ENSMUST00000196223	ENSMUSG00000041263	Rusc1	protein_coding
chr3	-	892981	893681	3	892981,893103,893595	893031,893487,893681	ENSMUST00000198506	ENSMUSG00000041263	Rusc1	protein_coding
chr3	-	893165	893901	4	893165,893411,893595,893847	893277,893487,893693,893901	ENSMUST00000196043	ENSMUSG00000041263	Rusc1	protein_coding
chr3	-	897514	905814	11	897514,898157,898378,898786,898940,899280,899525,903226,904595,904847,905788	897769,898291,898455,898858,899028,899402,899605,903366,904757,905062,905814	ENSMUST00000196709	ENSMUSG00000059743	Fdps	protein_coding
chr3	-	897514	905885	10	897514,898157,898378,898786,898940,899280,899525,903226,904595,905788	897769,898291,898455,898858,899028,899402,899605,903366,904757,905885	ENSMUST00000081848	ENSMUSG00000059743	Fdps	protein_coding
chr3	-	897675	899605	7	897675,898157,898378,898786,898940,899280,899525	897769,898291,898503,898858,899028,899402,899605	ENSMUST00000196254	ENSMUSG00000059743	Fdps	protein_coding
chr3	-	898982	899909	3	898982,899280,899525	899028,899402,899909	ENSMUST00000200433	ENSMUSG00000059743	Fdps	protein_coding
chr3	-	899290	905241	5	899290,899525,903226,904595,904847	899402,899605,903366,904757,905241	ENSMUST00000196921	ENSMUSG00000059743	Fdps	protein_coding
chr3	-	899525	905778	4	899525,903226,904595,905682	899605,903366,904757,905778	ENSMUST00000199668	ENSMUSG00000059743	Fdps	protein_coding
chr3	-	902865	905817	1	902865	905817	ENSMUST00000198239	ENSMUSG00000059743	Fdps	protein_coding
chr3	-	901836	901939	1	901836	901939	ENSMUST00000103960	ENSMUSG00000077148	Gm22935	snRNA
chr3	+	920650	920902	1	920650	920902	ENSMUST00000196011	ENSMUSG00000105654	Gm29704	processed_pseudogene
chr3	+	940068	950520	11	940068,941150,945241,945432,945689,946132,946518,946888,947136,948752,949393	940208,941332,945332,945563,945875,946402,946668,947040,947302,948933,950520	ENSMUST00000047111	ENSMUSG00000041237	Pklr	protein_coding
chr3	+	940100	941385	2	940100,941150	940208,941385	ENSMUST00000151591	ENSMUSG00000041237	Pklr	protein_coding
chr3	+	940498	950710	11	940498,941150,945241,945432,945689,946132,946518,946888,947136,948752,949393	940563,941332,945332,945563,945875,946402,946668,947040,947302,948933,950710	ENSMUST00000107482	ENSMUSG00000041237	Pklr	protein_coding
chr3	+	940505	945465	4	940505,941150,945241,945432	940544,941332,945332,945465	ENSMUST00000127058	ENSMUSG00000041237	Pklr	protein_coding
chr3	+	940549	944838	4	940549,941150,941535,944777	940563,941332,941612,944838	ENSMUST00000148097	ENSMUSG00000041237	Pklr	protein_coding
chr3	-	950000	964122	8	950000,952643,953742,954281,954788,955351,956557,963711	952225,952807,953982,954427,955006,955512,956986,964122	ENSMUST00000029686	ENSMUSG00000028051	Hcn3	protein_coding
chr3	-	952658	955158	4	952658,953742,954281,954788	952807,953982,954427,955158	ENSMUST00000132156	ENSMUSG00000028051	Hcn3	protein_coding
chr3	-	952775	955140	3	952775,954281,954788	952807,954427,955140	ENSMUST00000127654	ENSMUSG00000028051	Hcn3	protein_coding
chr3	-	955407	963906	4	955407,956557,956805,963711	955512,956699,956986,963906	ENSMUST00000133368	ENSMUSG00000028051	Hcn3	protein_coding
chr3	+	968721	980847	13	968721,970961,972621,973544,973975,974219,977303,978123,978871,979084,979318,979571,980320	969032,971130,972849,973628,974041,974335,977469,978217,979000,979166,979397,979661,980847	ENSMUST00000121212	ENSMUSG00000068917	Clk2	protein_coding
chr3	+	968743	971130	3	968743,970608,970961	969032,970740,971130	ENSMUST00000152205	ENSMUSG00000068917	Clk2	protein_coding
chr3	+	968744	980847	13	968744,970961,972624,973544,973975,974219,977303,978123,978871,979084,979318,979571,980320	969032,971130,972849,973628,974041,974335,977469,978217,979000,979166,979397,979661,980847	ENSMUST00000090927	ENSMUSG00000068917	Clk2	protein_coding
chr3	+	968745	977383	7	968745,970961,972621,973544,973975,974219,977303	968817,971130,972849,973628,974041,974335,977383	ENSMUST00000148265	ENSMUSG00000068917	Clk2	protein_coding
chr3	+	968745	980845	11	968745,970961,972621,974219,977303,978123,978871,979084,979318,979571,980320	969032,971130,974041,974335,977469,978217,979000,979166,979397,979661,980845	ENSMUST00000138822	ENSMUSG00000068917	Clk2	protein_coding
chr3	+	968766	980847	13	968766,970961,972621,973541,973975,974219,977303,978123,978871,979084,979318,979571,980320	969032,971130,972849,973628,974041,974335,977469,978217,979000,979166,979397,979661,980847	ENSMUST00000121931	ENSMUSG00000068917	Clk2	protein_coding
chr3	+	968905	980847	12	968905,970961,972621,973975,974219,977303,978123,978871,979084,979318,979571,980320	969032,971130,972849,974041,974335,977469,978217,979000,979166,979397,979661,980847	ENSMUST00000128318	ENSMUSG00000068917	Clk2	protein_coding
chr3	+	971090	974335	4	971090,972621,973541,974219	971130,972849,974041,974335	ENSMUST00000133323	ENSMUSG00000068917	Clk2	protein_coding
chr3	+	976091	980006	6	976091,978123,978871,979084,979318,979571	977469,978217,979000,979166,979397,980006	ENSMUST00000153255	ENSMUSG00000068917	Clk2	protein_coding
chr3	+	977881	979673	4	977881,978871,979084,979318	978217,979000,979166,979673	ENSMUST00000132830	ENSMUSG00000068917	Clk2	protein_coding
chr3	+	978961	979897	5	978961,979084,979318,979571,979813	979000,979166,979397,979681,979897	ENSMUST00000139221	ENSMUSG00000068917	Clk2	protein_coding
chr3	+	981399	986691	9	981399,981916,983021,983243,984178,984655,985101,985852,986225	981583,981993,983149,983363,984306,984814,985202,985969,986691	ENSMUST00000029684	ENSMUSG00000028049	Scamp3	protein_coding
chr3	+	981416	986691	9	981416,981916,983018,983243,984178,984655,985101,985852,986225	981583,981993,983149,983363,984306,984814,985202,985969,986691	ENSMUST00000120697	ENSMUSG00000028049	Scamp3	protein_coding
chr3	+	981422	983591	4	981422,981916,983018,983243	981583,981993,983149,983591	ENSMUST00000136165	ENSMUSG00000028049	Scamp3	protein_coding
chr3	+	981446	986689	8	981446,981916,983021,983243,984178,984655,985852,986225	981583,981993,983149,983363,984306,984814,985969,986689	ENSMUST00000098941	ENSMUSG00000028049	Scamp3	protein_coding
chr3	+	981457	983378	3	981457,983021,983243	981993,983149,983378	ENSMUST00000156447	ENSMUSG00000028049	Scamp3	protein_coding
chr3	+	981463	983590	4	981463,981916,983021,983243	981583,981993,983149,983590	ENSMUST00000148881	ENSMUSG00000028049	Scamp3	protein_coding
chr3	+	981547	985202	7	981547,981916,983021,983243,983965,984655,985101	981583,981993,983149,983363,984306,984814,985202	ENSMUST00000129294	ENSMUSG00000028049	Scamp3	protein_coding
chr3	+	981684	984311	4	981684,983021,983243,984178	981993,983149,983363,984311	ENSMUST00000124291	ENSMUSG00000028049	Scamp3	protein_coding
chr3	-	984681	986219	2	984681,985834	984839,986219	ENSMUST00000131146	ENSMUSG00000086718	Gm16069	antisense
chr3	+	987069	988605	3	987069,988383,988556	987420,988449,988605	ENSMUST00000140473	ENSMUSG00000032657	Fam189b	protein_coding
chr3	+	987129	993217	12	987129,988078,988339,988556,988815,989360,989660,990705,990985,992002,992149,992492	987874,988134,988449,988675,988922,989535,989759,990774,991530,992070,992402,993217	ENSMUST00000041913	ENSMUSG00000032657	Fam189b	protein_coding
chr3	+	987130	993215	11	987130,988078,988339,988556,988815,989363,990705,990985,992002,992149,992492	987874,988134,988449,988675,988922,989535,990774,991530,992070,992402,993215	ENSMUST00000147696	ENSMUSG00000032657	Fam189b	protein_coding
chr3	+	987506	993216	12	987506,987981,988339,988556,988815,989360,989660,990705,990985,992002,992149,992492	987874,988134,988449,988675,988922,989535,989759,990774,991530,992070,992402,993216	ENSMUST00000127982	ENSMUSG00000032657	Fam189b	protein_coding
chr3	+	987559	993214	11	987559,988339,988556,988815,989360,989660,990705,990985,992002,992149,992492	987874,988449,988675,988922,989535,989759,990774,991530,992070,992402,993214	ENSMUST00000117278	ENSMUSG00000032657	Fam189b	protein_coding
chr3	+	987567	993221	10	987567,988078,988815,989363,989660,990705,990985,992002,992149,992492	987874,988134,988922,989535,989759,990774,991530,992070,992402,993221	ENSMUST00000119707	ENSMUSG00000032657	Fam189b	protein_coding
chr3	+	988155	989695	5	988155,988556,988815,989382,989660	988449,988675,988922,989535,989695	ENSMUST00000126115	ENSMUSG00000032657	Fam189b	protein_coding
chr3	+	991302	992403	2	991302,992002	991530,992403	ENSMUST00000136209	ENSMUSG00000032657	Fam189b	protein_coding
chr3	+	991860	992402	2	991860,992149	992070,992402	ENSMUST00000125501	ENSMUSG00000032657	Fam189b	protein_coding
chr3	+	991910	992706	3	991910,992149,992492	991954,992402,992706	ENSMUST00000155033	ENSMUSG00000032657	Fam189b	protein_coding
